[
    [
        -0.1656503761381557
    ],
    [
        1.1480878952001716
    ],
    [
        -0.753411791843444
    ],
    [
        -1.2224636262407562
    ],
    [
        0.29856181127096304
    ],
    [
        -0.17876809414998515
    ],
    [
        -0.22424723371778435
    ],
    [
        -0.6299510838730116
    ],
    [
        0.5522144175739722
    ],
    [
        -0.08370161877514821
    ],
    [
        0.13088630699520828
    ],
    [
        -0.8655138149284907
    ],
    [
        0.033151346565728226
    ],
    [
        0.4528804041327404
    ],
    [
        0.5102785290129405
    ],
    [
        -0.00018336860290249827
    ],
    [
        -0.001281493186291085
    ],
    [
        0.9908059571905589
    ],
    [
        -0.010506432948191114
    ],
    [
        0.04693050437325976
    ],
    [
        0.06438873533821299
    ],
    [
        0.013490306293017937
    ],
    [
        -0.09616704950784694
    ],
    [
        -0.1994602371625221
    ],
    [
        0.28182778503318423
    ],
    [
        -0.0518839705500222
    ],
    [
        0.018525286224006777
    ],
    [
        0.3692145521781863
    ],
    [
        -0.030167000531894472
    ],
    [
        -0.011949417435173993
    ],
    [
        -0.15141272327592964
    ],
    [
        -0.6373584897336736
    ],
    [
        -0.005520505118620803
    ],
    [
        -0.005520505118620803
    ],
    [
        -0.005520505118620803
    ],
    [
        -0.005520505118620803
    ],
    [
        0.08171064828550621
    ],
    [
        0.08171064828550621
    ],
    [
        0.08171064828550621
    ],
    [
        -0.005520505118620803
    ],
    [
        -0.005520505118620803
    ],
    [
        -0.005520505118620803
    ],
    [
        0.1656503761381557
    ],
    [
        0.1656503761381557
    ],
    [
        0.1656503761381557
    ],
    [
        -1.4773523880630068
    ],
    [
        -0.007438032212248568
    ],
    [
        -0.42372007991565924
    ],
    [
        0.24999813706417798
    ],
    [
        0.10497673687606547
    ],
    [
        0.24282890459126702
    ],
    [
        -0.020595350914101335
    ],
    [
        -0.36523422420595897
    ],
    [
        0.07546825446983553
    ],
    [
        -0.09450690892495335
    ],
    [
        0.07724054520293987
    ],
    [
        0.26141813678414255
    ],
    [
        0.14113770102829168
    ],
    [
        -0.037887776364130946
    ],
    [
        -0.11222896968516986
    ],
    [
        0.0031236656281730824
    ],
    [
        0.007429228391749727
    ],
    [
        -0.17154173910899886
    ],
    [
        -0.01613097780251107
    ],
    [
        0.21799574902011082
    ],
    [
        -0.010379670294835698
    ],
    [
        -0.16301770631662393
    ],
    [
        -0.05238561783400977
    ],
    [
        -0.1555491122651384
    ],
    [
        0.38958325790771214
    ],
    [
        0.007783398937863866
    ],
    [
        -0.03639768095868087
    ],
    [
        0.35671567306977786
    ],
    [
        -0.044627023142252184
    ],
    [
        -0.13673829717956246
    ],
    [
        -0.0165650376138157
    ],
    [
        -0.0165650376138157
    ],
    [
        -0.0165650376138157
    ],
    [
        -0.0165650376138157
    ],
    [
        -0.0165650376138157
    ],
    [
        -0.0165650376138157
    ],
    [
        -0.0165650376138157
    ],
    [
        -0.0165650376138157
    ],
    [
        -0.0165650376138157
    ],
    [
        -0.0165650376138157
    ],
    [
        -0.0165650376138157
    ],
    [
        -0.0165650376138157
    ],
    [
        -0.0165650376138157
    ],
    [
        -0.0165650376138157
    ],
    [
        0.22696488963669023
    ],
    [
        0.07415294158384611
    ],
    [
        0.08633301986347588
    ],
    [
        -0.047770908576537076
    ],
    [
        -0.08289681429010992
    ],
    [
        -0.02851412108901411
    ],
    [
        0.026221559385497816
    ],
    [
        0.1923169130138968
    ],
    [
        -0.00016748554936842622
    ],
    [
        -0.00449541364671887
    ],
    [
        -0.0020716869500667047
    ],
    [
        0.033567100557282493
    ],
    [
        -0.025812219137355145
    ],
    [
        0.003963693047948012
    ],
    [
        0.008120143708136011
    ],
    [
        0.008283982444212362
    ],
    [
        -0.00406601766826713
    ],
    [
        0.0036613794019779836
    ],
    [
        -0.021705122093169462
    ],
    [
        -0.05112715641797748
    ],
    [
        -0.011933139515695865
    ],
    [
        0.032879563758711004
    ],
    [
        -0.009185923054631428
    ],
    [
        0.03200083342990304
    ],
    [
        0.012390205307215742
    ],
    [
        -0.004666780260077747
    ],
    [
        0.00017405238563734338
    ],
    [
        0.008210525311348296
    ],
    [
        0.010289287741983075
    ],
    [
        0.0419498843854133
    ],
    [
        -0.0063735848973367395
    ],
    [
        -5.520505118620767e-05
    ],
    [
        -5.520505118620767e-05
    ],
    [
        -5.520505118620767e-05
    ],
    [
        -5.520505118620767e-05
    ],
    [
        0.0008171064828550616
    ],
    [
        0.0008171064828550616
    ],
    [
        0.0008171064828550616
    ],
    [
        -5.520505118620767e-05
    ],
    [
        -5.520505118620767e-05
    ],
    [
        -5.520505118620767e-05
    ],
    [
        0.0016565037613815825
    ],
    [
        0.0016565037613815825
    ],
    [
        0.0016565037613815825
    ],
    [
        -0.004229906861037931
    ],
    [
        -0.005010462724165165
    ],
    [
        -0.002879486774907502
    ],
    [
        0.0012816052515962945
    ],
    [
        -3.6037699714346814e-05
    ],
    [
        0.0003837771712879633
    ],
    [
        0.00016912591604176057
    ],
    [
        -0.0007742027729038616
    ],
    [
        -0.0007550192586020623
    ],
    [
        3.0598275959439776e-05
    ],
    [
        -0.0004770605353208381
    ],
    [
        7.656500230424604e-05
    ],
    [
        4.246331365826682e-05
    ],
    [
        0.0001897862710131971
    ],
    [
        -8.720240181663285e-05
    ],
    [
        7.386474601467713e-05
    ],
    [
        -0.0005085583722297383
    ],
    [
        -7.962816562742735e-05
    ],
    [
        9.155071622087047e-06
    ],
    [
        0.002475133549334036
    ],
    [
        -6.54580915056677e-05
    ],
    [
        -0.0005229989218756704
    ],
    [
        -1.820216230763975e-05
    ],
    [
        -0.0006423426890483792
    ],
    [
        -0.00016020174663046398
    ],
    [
        -1.4825222920216455e-05
    ],
    [
        -4.4379945805039956e-05
    ],
    [
        -9.871209646339894e-06
    ],
    [
        -5.038390729747943e-06
    ],
    [
        -0.0006566288988806382
    ],
    [
        -1.6565037613815688e-06
    ],
    [
        -1.6565037613815688e-06
    ],
    [
        -1.6565037613815688e-06
    ],
    [
        -1.6565037613815688e-06
    ],
    [
        -1.6565037613815688e-06
    ],
    [
        -1.6565037613815688e-06
    ],
    [
        -1.6565037613815688e-06
    ],
    [
        -1.6565037613815688e-06
    ],
    [
        -1.6565037613815688e-06
    ],
    [
        -1.6565037613815688e-06
    ],
    [
        -1.6565037613815688e-06
    ],
    [
        -1.6565037613815688e-06
    ],
    [
        -1.6565037613815688e-06
    ],
    [
        -1.6565037613815688e-06
    ],
    [
        -0.0005868131599608275
    ],
    [
        -0.00026612652025367835
    ],
    [
        -0.00015945613904066623
    ],
    [
        0.00014846139906992
    ],
    [
        -1.5788442588528002e-06
    ],
    [
        4.431939678449785e-05
    ],
    [
        1.3938595294729999e-06
    ],
    [
        1.2528498374480915e-05
    ],
    [
        7.875892521815128e-06
    ],
    [
        -4.591061722471314e-05
    ],
    [
        2.9702443313556052e-05
    ],
    [
        7.977062730225593e-07
    ],
    [
        -7.479720922777832e-07
    ],
    [
        -3.154943350121489e-05
    ],
    [
        1.2617796393197783e-06
    ],
    [
        3.406854616737299e-07
    ],
    [
        1.6743062308885596e-05
    ],
    [
        -4.5082624167900214e-07
    ],
    [
        -2.045866513531967e-07
    ],
    [
        0.0001373317356303194
    ],
    [
        -8.71643221002091e-07
    ],
    [
        -9.319042646403765e-05
    ],
    [
        -3.366234823273758e-07
    ],
    [
        -0.00011902142314871602
    ],
    [
        7.61048764000372e-07
    ],
    [
        -3.044874316856483e-07
    ],
    [
        -6.045843815942477e-06
    ],
    [
        5.912841420288184e-07
    ],
    [
        2.3799255242604015e-07
    ],
    [
        -9.949752986104644e-05
    ],
    [
        -6.373584897336704e-08
    ],
    [
        -5.520505118620825e-10
    ],
    [
        -5.520505118620825e-10
    ],
    [
        -5.520505118620825e-10
    ],
    [
        -5.520505118620825e-10
    ],
    [
        8.171064828550635e-09
    ],
    [
        8.171064828550635e-09
    ],
    [
        8.171064828550635e-09
    ],
    [
        -5.520505118620825e-10
    ],
    [
        -5.520505118620825e-10
    ],
    [
        -5.520505118620825e-10
    ],
    [
        1.6565037613815784e-08
    ],
    [
        1.6565037613815784e-08
    ],
    [
        1.6565037613815784e-08
    ],
    [
        -1.443658078234254e-06
    ],
    [
        5.225243644188889e-07
    ],
    [
        2.914975027249826e-06
    ],
    [
        1.333982935216462e-06
    ],
    [
        8.687709891140898e-11
    ],
    [
        3.912612894768685e-07
    ],
    [
        2.669845201590556e-08
    ],
    [
        -4.2400587432377326e-08
    ],
    [
        9.448711116895265e-07
    ],
    [
        -7.982914246526249e-07
    ],
    [
        5.189229108550934e-07
    ],
    [
        1.4768420453557825e-09
    ],
    [
        1.1172196932124805e-09
    ],
    [
        -7.039460640812912e-07
    ],
    [
        -2.5552813625855657e-09
    ],
    [
        3.3112373977903287e-09
    ],
    [
        1.114134557148164e-06
    ],
    [
        -3.3256872854324973e-09
    ],
    [
        7.276983094697636e-10
    ],
    [
        -1.409103009252076e-06
    ],
    [
        -3.277385667706405e-09
    ],
    [
        -1.0773254678599453e-06
    ],
    [
        -6.403042532068748e-10
    ],
    [
        -1.542197398050418e-06
    ],
    [
        -1.6705945720793966e-08
    ],
    [
        -5.828708474708938e-10
    ],
    [
        -6.049728991912365e-08
    ],
    [
        -3.627530348052449e-09
    ],
    [
        4.156427674510872e-11
    ],
    [
        -1.0972336989449359e-06
    ],
    [
        -1.6565037613815773e-11
    ],
    [
        -1.6565037613815773e-11
    ],
    [
        -1.6565037613815773e-11
    ],
    [
        -1.6565037613815773e-11
    ],
    [
        -1.6565037613815773e-11
    ],
    [
        -1.6565037613815773e-11
    ],
    [
        -1.6565037613815773e-11
    ],
    [
        -1.6565037613815773e-11
    ],
    [
        -1.6565037613815773e-11
    ],
    [
        -1.6565037613815773e-11
    ],
    [
        -1.6565037613815773e-11
    ],
    [
        -1.6565037613815773e-11
    ],
    [
        -1.6565037613815773e-11
    ],
    [
        -1.6565037613815773e-11
    ],
    [
        9.35425959563989e-07
    ],
    [
        3.3017821921660306e-07
    ],
    [
        4.036038203324213e-07
    ],
    [
        1.0702884289963506e-07
    ],
    [
        2.1537691590492162e-11
    ],
    [
        3.0496514602903085e-08
    ],
    [
        3.083524698102556e-10
    ],
    [
        7.74743302405171e-10
    ],
    [
        6.529546478050773e-08
    ],
    [
        -1.0099188122974833e-07
    ],
    [
        -2.7804595904242737e-08
    ],
    [
        1.4714033462728333e-11
    ],
    [
        -1.878827710546704e-11
    ],
    [
        1.896643541057531e-08
    ],
    [
        5.535587499556677e-11
    ],
    [
        1.0035991373981405e-11
    ],
    [
        2.517097250081317e-07
    ],
    [
        -3.1567893680917754e-11
    ],
    [
        2.193222087838978e-12
    ],
    [
        -5.499791583518959e-07
    ],
    [
        -3.497356780673826e-11
    ],
    [
        -1.0817545177157083e-07
    ],
    [
        -1.2011320995675803e-11
    ],
    [
        -1.7495124802490604e-07
    ],
    [
        2.323249612001558e-11
    ],
    [
        -1.3827777300602677e-11
    ],
    [
        -2.7881622225984584e-09
    ],
    [
        3.0434090358033426e-11
    ],
    [
        2.27402332419728e-12
    ],
    [
        -1.0970315800154393e-07
    ],
    [
        -6.373584897336734e-13
    ],
    [
        -5.520505118620805e-15
    ],
    [
        -5.520505118620805e-15
    ],
    [
        -5.520505118620805e-15
    ],
    [
        -5.520505118620805e-15
    ],
    [
        8.171064828550585e-14
    ],
    [
        8.171064828550585e-14
    ],
    [
        8.171064828550585e-14
    ],
    [
        -5.520505118620805e-15
    ],
    [
        -5.520505118620805e-15
    ],
    [
        -5.520505118620805e-15
    ],
    [
        1.6565037613815657e-13
    ],
    [
        1.6565037613815657e-13
    ],
    [
        1.6565037613815657e-13
    ],
    [
        2.6921163015042795e-08
    ],
    [
        5.005186841726771e-09
    ],
    [
        -1.4453170774436208e-08
    ],
    [
        8.095259297669078e-10
    ],
    [
        1.6322832984139171e-13
    ],
    [
        2.2595136494054858e-10
    ],
    [
        3.756494146477127e-12
    ],
    [
        -2.1918738535496435e-12
    ],
    [
        -2.7398401357498332e-09
    ],
    [
        -1.1300010433403318e-09
    ],
    [
        -2.6867490590356964e-09
    ],
    [
        2.5160519462562335e-14
    ],
    [
        2.8617989991056126e-14
    ],
    [
        4.588210610083853e-09
    ],
    [
        -7.307361587877204e-14
    ],
    [
        1.1323424318766131e-13
    ],
    [
        4.5241489091812656e-09
    ],
    [
        -1.3190671800570927e-13
    ],
    [
        3.320899524917101e-14
    ],
    [
        -1.1249006975080912e-08
    ],
    [
        -1.2217449146274006e-13
    ],
    [
        -1.0220145567823556e-09
    ],
    [
        -2.2670846276900283e-14
    ],
    [
        -1.8687885824539186e-09
    ],
    [
        -1.0771009836697728e-12
    ],
    [
        -1.8756648042455952e-14
    ],
    [
        3.105604093786274e-11
    ],
    [
        -2.2242870170671652e-13
    ],
    [
        4.774817644599887e-15
    ],
    [
        -1.0673607158808461e-09
    ],
    [
        -1.6565037613815705e-16
    ],
    [
        -1.6565037613815705e-16
    ],
    [
        -1.6565037613815705e-16
    ],
    [
        -1.6565037613815705e-16
    ],
    [
        -1.6565037613815705e-16
    ],
    [
        -1.6565037613815705e-16
    ],
    [
        -1.6565037613815705e-16
    ],
    [
        -1.6565037613815705e-16
    ],
    [
        -1.6565037613815705e-16
    ],
    [
        -1.6565037613815705e-16
    ],
    [
        -1.6565037613815705e-16
    ],
    [
        -1.6565037613815705e-16
    ],
    [
        -1.6565037613815705e-16
    ],
    [
        -1.6565037613815705e-16
    ]
]