[
    [
        0.14143680496447672
    ],
    [
        0.6840760924994241
    ],
    [
        -1.0852582821970804
    ],
    [
        0.33838394428634977
    ],
    [
        -0.09977183270497325
    ],
    [
        0.21806050236669677
    ],
    [
        0.22517225329610743
    ],
    [
        0.39149796696789707
    ],
    [
        1.0586987684101958
    ],
    [
        -0.005249772726227234
    ],
    [
        0.004153984771633978
    ],
    [
        0.17375486417092995
    ],
    [
        -0.006327289721163896
    ],
    [
        0.02888859427418637
    ],
    [
        -0.02898511084896283
    ],
    [
        -1.8237755522816304
    ],
    [
        -0.15578138550054738
    ],
    [
        -0.23796322924506594
    ],
    [
        0.03660712977477574
    ],
    [
        -0.03582344471546251
    ],
    [
        -0.0504994815416176
    ],
    [
        0.2715301076850158
    ],
    [
        -0.3289586437749404
    ],
    [
        -0.10670501000475371
    ],
    [
        -0.22572793656885676
    ],
    [
        0.2788599848732715
    ],
    [
        -0.47031026879396887
    ],
    [
        0.35224539372113
    ],
    [
        -0.01103967291059686
    ],
    [
        0.3242439444160167
    ],
    [
        0.13016375584324588
    ],
    [
        0.017587494069163784
    ],
    [
        0.0071819926388419705
    ],
    [
        -0.021003195674026757
    ],
    [
        0.009830969422245747
    ],
    [
        -0.10517222867987412
    ],
    [
        0.060965061279354034
    ],
    [
        0.0026184715251504525
    ],
    [
        -0.0033346824113590226
    ],
    [
        -0.07674816469966234
    ],
    [
        0.11281212473999258
    ],
    [
        -0.0009623251640834651
    ],
    [
        0.019222938682214676
    ],
    [
        -0.006448759240189523
    ],
    [
        -0.012568990166972584
    ],
    [
        -0.0029228125169045993
    ],
    [
        -0.001326340067827023
    ],
    [
        0.0031266811811366648
    ],
    [
        -0.0012245970414154661
    ],
    [
        -6.478429882261851e-05
    ],
    [
        -0.003394788356748621
    ],
    [
        -0.0004481723457751474
    ],
    [
        8.660031523975612e-05
    ],
    [
        0.005118866703699873
    ],
    [
        0.00011920753537313626
    ],
    [
        -0.0008631499737274659
    ],
    [
        6.699618181984661e-05
    ],
    [
        -0.0009330175424867706
    ],
    [
        -0.00016212191572454279
    ],
    [
        -3.965882177230399e-06
    ],
    [
        6.160045992431968e-06
    ],
    [
        1.6770408213027726e-05
    ],
    [
        5.7147987829305835e-05
    ],
    [
        -2.870383723343839e-06
    ],
    [
        -0.00012193577970493635
    ],
    [
        1.3437027518543999e-06
    ],
    [
        -8.023520713590566e-07
    ],
    [
        0.00014755845367809132
    ],
    [
        3.469679317210017e-06
    ],
    [
        -8.127828867593331e-07
    ],
    [
        1.2094895281609864e-06
    ],
    [
        -5.141345606090304e-06
    ],
    [
        1.1586210248050902e-05
    ],
    [
        -1.7395977011250002e-07
    ],
    [
        1.7707817976009193e-06
    ],
    [
        -3.0617482164008506e-06
    ],
    [
        1.4056672501239408e-06
    ],
    [
        -2.4270162680678975e-09
    ],
    [
        3.598199987997051e-06
    ],
    [
        -2.0119555089847655e-08
    ],
    [
        5.641246432845679e-09
    ],
    [
        -4.8547310271932475e-06
    ],
    [
        5.6831203455193775e-09
    ],
    [
        -7.367746540993381e-08
    ],
    [
        1.3553415912381521e-09
    ],
    [
        3.545567602446646e-07
    ],
    [
        2.2053470599309735e-06
    ],
    [
        -5.319326191599979e-10
    ],
    [
        2.7736904519331196e-07
    ],
    [
        -5.908372025934643e-07
    ],
    [
        1.0386344077597325e-07
    ],
    [
        -6.045948638301452e-11
    ],
    [
        8.624819093472059e-07
    ],
    [
        4.9854159460702505e-11
    ],
    [
        -6.903666444210334e-11
    ],
    [
        -1.0486921761112042e-06
    ],
    [
        1.1552223695752723e-10
    ],
    [
        -8.301916455909683e-11
    ],
    [
        4.1912651107839865e-11
    ],
    [
        1.587936952610731e-08
    ],
    [
        2.4653900907572097e-08
    ],
    [
        -1.0180967907481258e-11
    ],
    [
        2.256841547790213e-09
    ],
    [
        -8.333743189907948e-09
    ],
    [
        -1.0066931959754615e-09
    ],
    [
        -5.861716765015455e-14
    ],
    [
        1.0945910832089126e-08
    ],
    [
        -7.793350816470696e-13
    ],
    [
        2.429799065681858e-13
    ],
    [
        -1.2136642399891868e-08
    ],
    [
        2.1079393879936557e-13
    ],
    [
        -4.5216551801656605e-12
    ],
    [
        1.2980876719620476e-14
    ],
    [
        3.1848681637777016e-11
    ],
    [
        1.1635252868105469e-11
    ],
    [
        -8.021405350833794e-16
    ],
    [
        -7.256244341972481e-13
    ],
    [
        -1.048483152173956e-11
    ],
    [
        -5.454247478668849e-12
    ],
    [
        -1.158236456301791e-17
    ],
    [
        6.025585526232429e-12
    ],
    [
        1.0401283278951652e-17
    ],
    [
        -3.947832137266525e-17
    ],
    [
        -5.545282622592561e-12
    ],
    [
        4.0325790356509163e-17
    ],
    [
        -6.029065147430067e-17
    ],
    [
        1.2229049292147279e-17
    ],
    [
        5.196006207858312e-10
    ],
    [
        -3.130713024200756e-10
    ],
    [
        -7.158793747997892e-15
    ],
    [
        -7.578907912008227e-11
    ],
    [
        -1.2511100478670018e-10
    ],
    [
        -1.3490192273373183e-10
    ],
    [
        -1.2237663265473287e-17
    ],
    [
        -1.385888953764598e-10
    ],
    [
        -2.9676734897107647e-16
    ],
    [
        9.47328985946389e-17
    ],
    [
        1.5735259182157787e-10
    ],
    [
        7.543725287064306e-17
    ],
    [
        -2.5431726251063718e-15
    ],
    [
        -3.5000133949126135e-18
    ],
    [
        8.239996786529327e-13
    ],
    [
        -1.0926214688159994e-12
    ],
    [
        -1.5787482175112633e-18
    ],
    [
        -2.708435552843612e-13
    ],
    [
        -3.038448726354425e-13
    ],
    [
        -6.247606180467186e-13
    ],
    [
        -1.8504192798331982e-21
    ],
    [
        -3.832605067242248e-13
    ],
    [
        3.1157089349166257e-22
    ],
    [
        -2.976094539176764e-20
    ],
    [
        -1.0320638631782036e-13
    ],
    [
        -3.275972235756614e-20
    ],
    [
        -6.740813940785429e-20
    ],
    [
        7.059767914275301e-21
    ]
]