[
    [
        0.7106585497923795
    ],
    [
        1.719796035197893
    ],
    [
        -0.544805585321511
    ],
    [
        -0.7219767309239945
    ],
    [
        -0.15085965725540518
    ],
    [
        0.3157528675300296
    ],
    [
        0.1111139493209839
    ],
    [
        0.4245889395855747
    ],
    [
        -0.37470906972976076
    ],
    [
        0.10689199186272239
    ],
    [
        0.3739064064784333
    ],
    [
        -0.029326070497745865
    ],
    [
        -0.011040691149472768
    ],
    [
        0.5305167601311376
    ],
    [
        0.02751749321773224
    ],
    [
        -0.00419651258009339
    ],
    [
        -0.02524937767906257
    ],
    [
        -0.012524113065113137
    ],
    [
        -0.10311916364694326
    ],
    [
        0.3436720249729216
    ],
    [
        -0.09954471521892642
    ],
    [
        -0.030688132239200586
    ],
    [
        -1.4191874557238666
    ],
    [
        1.7852053007652529
    ],
    [
        2.2579104785530726
    ],
    [
        -2.3233197441204383
    ],
    [
        0.23599202270942618
    ],
    [
        0.09428411559289174
    ],
    [
        -0.8750817236238297
    ],
    [
        0.044878066966776854
    ],
    [
        0.5029470428831174
    ],
    [
        -1.2698018407738865
    ],
    [
        -0.2222517447554264
    ],
    [
        -0.10117366794425146
    ],
    [
        0.17256575544427236
    ],
    [
        0.15753852405297344
    ],
    [
        0.34103644736863803
    ],
    [
        -0.1828221038915831
    ],
    [
        0.20878810485035876
    ],
    [
        0.07855456242165296
    ],
    [
        -0.1762287179510277
    ],
    [
        0.2501547521887139
    ],
    [
        0.47182527824940357
    ],
    [
        -0.297391090852542
    ],
    [
        -0.11241049807325
    ],
    [
        -0.09472422383606385
    ],
    [
        -0.16757434782044595
    ],
    [
        -0.030575768323476967
    ],
    [
        -0.022324450649189
    ],
    [
        0.159792210835387
    ],
    [
        0.040571193840811016
    ],
    [
        0.08871681595712404
    ],
    [
        0.2446183966804987
    ],
    [
        -0.0921003653025216
    ],
    [
        -0.051995807692006506
    ],
    [
        0.11477010249678164
    ],
    [
        0.039430719202008704
    ],
    [
        -0.09122202010814591
    ],
    [
        0.04075060975666411
    ],
    [
        0.2661488381220432
    ],
    [
        0.1715309680203583
    ],
    [
        0.09283695398873534
    ],
    [
        0.048759430030645964
    ],
    [
        0.06433237152202106
    ],
    [
        -0.08557430833493451
    ],
    [
        -0.06188561340912488
    ],
    [
        -0.04842518159267052
    ],
    [
        0.10611428242170165
    ],
    [
        -0.00013964515887908164
    ],
    [
        -0.052312398247948415
    ],
    [
        0.02720266572776422
    ],
    [
        -0.046795259236089445
    ],
    [
        -0.06169579258085444
    ],
    [
        0.09596693875183018
    ],
    [
        0.09820079712870806
    ],
    [
        -0.07471071857464667
    ],
    [
        -0.12660924220100334
    ],
    [
        0.11518141756140594
    ],
    [
        0.04242133420096811
    ],
    [
        0.18606927321054736
    ],
    [
        -0.31979576080595273
    ],
    [
        -0.18523297777276929
    ],
    [
        0.4054840233597945
    ],
    [
        -0.035712034341697514
    ],
    [
        -0.09573806806633905
    ],
    [
        0.10076197016883641
    ],
    [
        0.1077499051260388
    ],
    [
        0.019123612863615594
    ],
    [
        -0.1818232814431425
    ],
    [
        -0.06841664994402444
    ],
    [
        0.1661444727225796
    ],
    [
        0.1318185917783031
    ],
    [
        0.07928715390434753
    ],
    [
        -0.19360380536710023
    ],
    [
        0.015631271475482593
    ],
    [
        -0.08494278152468449
    ],
    [
        0.006979548057193768
    ],
    [
        0.0666807465988685
    ],
    [
        -0.020566083485736564
    ],
    [
        -0.0938747027104554
    ],
    [
        0.017797238040829232
    ],
    [
        -0.024016384061233822
    ],
    [
        -0.1005627629899913
    ],
    [
        -0.0017300061576297615
    ],
    [
        -0.01199956071723014
    ],
    [
        -0.009957557539617032
    ],
    [
        -0.006909740286174556
    ],
    [
        -0.037638270415422365
    ],
    [
        0.13557335378358315
    ],
    [
        0.008939795472701231
    ],
    [
        -0.14191874557238507
    ],
    [
        -0.02118647651597871
    ],
    [
        -0.08547127644935078
    ],
    [
        0.0382411030213055
    ],
    [
        -0.1064005121463323
    ],
    [
        -0.05244247581049735
    ],
    [
        0.3249874606794078
    ],
    [
        0.04691902509400932
    ],
    [
        -0.012600739781651696
    ],
    [
        0.09750030646594468
    ],
    [
        0.04471085961562146
    ],
    [
        0.00333554946844385
    ],
    [
        0.03124074482028177
    ],
    [
        -0.18095884115862193
    ],
    [
        -0.019179102894952515
    ],
    [
        0.006534138686472857
    ],
    [
        -0.019179608516292877
    ],
    [
        -0.020929402372901064
    ],
    [
        0.05574028236467667
    ],
    [
        -0.006182178948220604
    ],
    [
        -0.01933405360471572
    ],
    [
        -0.05942654897174884
    ],
    [
        -0.018605579880565278
    ],
    [
        0.0037951804216911638
    ],
    [
        0.021789947516067967
    ],
    [
        0.010602814744678103
    ],
    [
        0.03399375045792917
    ],
    [
        0.022084181396260835
    ],
    [
        0.001881519888484673
    ],
    [
        -0.004606246951751938
    ],
    [
        -0.017841356422469843
    ],
    [
        -0.06096151857920205
    ],
    [
        0.009677408585543265
    ],
    [
        -0.042590592716796674
    ],
    [
        0.023058056832206974
    ],
    [
        -0.0006190907500543509
    ],
    [
        -0.004641728041323318
    ],
    [
        -0.025260546863430735
    ],
    [
        -0.009909031232299753
    ],
    [
        0.011153194034496742
    ],
    [
        -0.0377807244923498
    ],
    [
        -0.009241190599971078
    ],
    [
        -0.05354084789767071
    ],
    [
        0.005084273913026516
    ],
    [
        0.004553232444028907
    ],
    [
        -0.011367512514685207
    ],
    [
        -0.031901784109558684
    ],
    [
        -0.0029890964562331603
    ],
    [
        0.02289131984856208
    ],
    [
        -0.007928324932115255
    ],
    [
        0.003034357940679655
    ],
    [
        -0.005063590548181417
    ],
    [
        0.014171459244616734
    ],
    [
        0.003467878702929593
    ],
    [
        -0.0245490782337212
    ],
    [
        -0.012061241514347397
    ],
    [
        -0.006309105798379893
    ],
    [
        -0.019267923102694356
    ],
    [
        0.03933600658717635
    ],
    [
        0.016441287858454903
    ],
    [
        0.07979605933795275
    ],
    [
        0.006231457634680197
    ],
    [
        0.003375629416880484
    ],
    [
        -0.0006672915788594551
    ],
    [
        -0.010887701581368484
    ],
    [
        -0.003928654082195517
    ],
    [
        -0.004402721847695843
    ],
    [
        -0.001515608903265094
    ],
    [
        -0.0026114485862170503
    ],
    [
        -0.008991123296001354
    ],
    [
        -0.0034686058563986786
    ],
    [
        0.07814646830844793
    ],
    [
        -0.00019221949813566996
    ],
    [
        0.004630156446162856
    ],
    [
        0.001621118301540327
    ],
    [
        -1.3470142715484145e-05
    ],
    [
        0.00045115526481014876
    ],
    [
        0.004803785692053096
    ],
    [
        -0.006425272808696591
    ],
    [
        0.0017905654643399804
    ],
    [
        -0.0020150415788627914
    ],
    [
        -0.00620565713205744
    ],
    [
        0.002281802762240375
    ],
    [
        -6.08103865968382e-05
    ],
    [
        -0.005919689494319684
    ],
    [
        0.002701195030969741
    ],
    [
        0.0027913241726537936
    ],
    [
        -0.0022730396999980727
    ],
    [
        -0.01419187455723863
    ],
    [
        -0.01152227291665809
    ],
    [
        0.003348179598655989
    ],
    [
        0.006658484414737109
    ],
    [
        0.021883537795817476
    ],
    [
        0.006337685958061116
    ],
    [
        -0.030832672340095325
    ],
    [
        -0.009871825976350775
    ],
    [
        0.0002716192870252132
    ],
    [
        0.0006090833933239335
    ],
    [
        -0.005023830507117333
    ],
    [
        -0.0001086020248532938
    ],
    [
        0.0016638266755720382
    ],
    [
        0.053212143155764675
    ],
    [
        0.001055103160907508
    ],
    [
        0.023879221991775865
    ],
    [
        0.0017278313784601577
    ],
    [
        0.002255966468228605
    ],
    [
        -0.004176017344824467
    ],
    [
        -5.0996897156877534e-05
    ],
    [
        0.0007682808148599778
    ],
    [
        0.003912872528459686
    ],
    [
        0.004991505456987052
    ],
    [
        -0.0001919051839989159
    ],
    [
        -0.003178481971447836
    ],
    [
        -0.0017745855405430094
    ],
    [
        -0.0004693683910862973
    ],
    [
        0.0022304837889138306
    ],
    [
        -0.0005028053373793763
    ],
    [
        0.00027835660687751477
    ],
    [
        0.0006756039953123717
    ],
    [
        0.015919632518111137
    ],
    [
        -0.0007853396366063258
    ],
    [
        -0.010330507189451698
    ],
    [
        -0.006880175814279596
    ],
    [
        0.00036053808041260093
    ],
    [
        9.436492517037956e-05
    ],
    [
        0.0023151426037081365
    ],
    [
        0.0005703538669212823
    ],
    [
        -0.0010949310062897482
    ],
    [
        0.009160799322764463
    ],
    [
        0.0008217438140290059
    ],
    [
        -0.011997584715656285
    ],
    [
        -0.0009435020568998922
    ],
    [
        -0.0004707771818889664
    ],
    [
        -0.004791377893268585
    ],
    [
        0.005630967835195992
    ],
    [
        0.0002856354972866621
    ],
    [
        -0.0036348005702424436
    ],
    [
        0.0027052960238961544
    ],
    [
        -0.00014262457025531494
    ],
    [
        -0.0026234818402376633
    ],
    [
        -0.003150601055060692
    ],
    [
        -0.0001759945393887302
    ],
    [
        -0.002593093899870301
    ],
    [
        0.00122045006904471
    ],
    [
        0.0006479438212967398
    ],
    [
        0.0008328011406282862
    ],
    [
        0.0013374299826386842
    ],
    [
        -0.0013263763220788519
    ],
    [
        0.002780270512093979
    ],
    [
        -0.0007632212498450664
    ],
    [
        -2.143164382810254e-05
    ],
    [
        -0.001488386806324902
    ],
    [
        0.001082530425636654
    ],
    [
        0.0004887277311173073
    ],
    [
        0.0010092963452743042
    ]
]