[
    [
        0.4180682668372108
    ],
    [
        2.3878406263390395
    ],
    [
        -0.39601438988330695
    ],
    [
        -0.5670077720639247
    ],
    [
        -0.1623072463861392
    ],
    [
        0.39088894648639705
    ],
    [
        -0.29730385102839446
    ],
    [
        -0.08628124769893322
    ],
    [
        -0.3565644682773571
    ],
    [
        -0.17635523625521193
    ],
    [
        0.46744504104087475
    ],
    [
        -0.11275789823183519
    ],
    [
        0.18977213980716437
    ],
    [
        0.35548328505369087
    ],
    [
        0.2570040053641903
    ],
    [
        0.025627623629991474
    ],
    [
        0.00020143652097096584
    ],
    [
        0.2483613236134717
    ],
    [
        -0.042487882750532065
    ],
    [
        -0.012364379727572492
    ],
    [
        -0.019632666003080442
    ],
    [
        0.007250472447093844
    ],
    [
        -0.31491020027498823
    ],
    [
        0.10514660323640979
    ],
    [
        -0.060536729250945304
    ],
    [
        -0.022097044723262987
    ],
    [
        0.23313043293022537
    ],
    [
        -0.08705731452020142
    ],
    [
        0.028810179291487947
    ],
    [
        -2.104574690288058
    ],
    [
        2.8664169578433905
    ],
    [
        2.9778724576873272
    ],
    [
        -3.4564487891916813
    ],
    [
        0.2018040965304039
    ],
    [
        -0.06084881462918944
    ],
    [
        -0.5369696717845214
    ],
    [
        -0.17411875991997247
    ],
    [
        0.1681470136916479
    ],
    [
        -0.5610360258356005
    ],
    [
        -0.10945798591984587
    ],
    [
        0.02362057060830875
    ],
    [
        -0.07646983107459533
    ],
    [
        -0.12542780552575095
    ],
    [
        0.13307792933821
    ],
    [
        0.3832388226739389
    ],
    [
        -1.0107692182669992
    ],
    [
        0.14260237289392869
    ],
    [
        0.5708629943446769
    ],
    [
        0.21485274946090674
    ],
    [
        -0.16350852833075571
    ],
    [
        -0.13762546882908366
    ],
    [
        -0.7662021434566592
    ],
    [
        0.12946595747095194
    ],
    [
        0.2801717177083463
    ],
    [
        -0.06325126556790223
    ],
    [
        -0.12257685116736036
    ],
    [
        0.00947288048005187
    ],
    [
        0.1994135640183061
    ],
    [
        0.19751141362846256
    ],
    [
        0.07052006339410809
    ],
    [
        0.0661763386938823
    ],
    [
        -0.02587797949481336
    ],
    [
        -0.15305625743090467
    ],
    [
        -0.29541688317253867
    ],
    [
        0.20525243322936979
    ],
    [
        0.27993658975033225
    ],
    [
        0.03780530041820472
    ],
    [
        0.15493860309262386
    ],
    [
        0.16273938154286763
    ],
    [
        -0.22249315369835515
    ],
    [
        -0.22506070239627354
    ],
    [
        0.7045578614588235
    ],
    [
        0.006917887683507636
    ],
    [
        0.04076888272772199
    ],
    [
        -0.022059146781239408
    ],
    [
        -0.03546085494330359
    ],
    [
        -0.02826094778138792
    ],
    [
        0.0639232392456636
    ],
    [
        0.19213993416042255
    ],
    [
        0.10452478327153869
    ],
    [
        -0.04830339381847959
    ],
    [
        0.06604844670048284
    ],
    [
        -0.05959420515655234
    ],
    [
        -0.04894212429445954
    ],
    [
        -0.029721937069283173
    ],
    [
        -0.017834031755340932
    ],
    [
        0.035191589097052306
    ],
    [
        0.21872777880953717
    ],
    [
        0.11130844910796465
    ],
    [
        -0.3496688939205809
    ],
    [
        -0.009857320666750106
    ],
    [
        0.04634564344124775
    ],
    [
        -0.029237850327400432
    ],
    [
        -0.18232978024999824
    ],
    [
        0.03862366499477413
    ],
    [
        -0.17120408501976714
    ],
    [
        0.15961519490002254
    ],
    [
        0.2432733556213306
    ],
    [
        -0.29774194728493375
    ],
    [
        -0.15430621461051036
    ],
    [
        -0.10395368657003873
    ],
    [
        0.19772317192960148
    ],
    [
        0.02684732379419295
    ],
    [
        -0.09721712506289862
    ],
    [
        0.04827275654544165
    ],
    [
        0.1511589793838256
    ],
    [
        0.09837601944760395
    ],
    [
        -0.01640456590120372
    ],
    [
        -0.34554057517671843
    ],
    [
        -0.1301626157346425
    ],
    [
        0.3886458763911616
    ],
    [
        0.15549719552412244
    ],
    [
        0.0753637624155813
    ],
    [
        -0.20205077864821405
    ],
    [
        0.0510416646295748
    ],
    [
        0.13858121867307127
    ],
    [
        0.03450993220901584
    ],
    [
        -0.12078992949325108
    ],
    [
        0.08399479105223959
    ],
    [
        0.023601289661191818
    ],
    [
        0.16481598751077983
    ],
    [
        -0.023631905413069292
    ],
    [
        0.11720782944284686
    ],
    [
        0.014139745074609671
    ],
    [
        -0.4452669186738211
    ],
    [
        0.05784431310465841
    ],
    [
        -0.06466570732173395
    ],
    [
        -0.02574155496027128
    ],
    [
        0.06443635595470558
    ],
    [
        0.050219365886773656
    ],
    [
        -0.08092275641006222
    ],
    [
        -0.09109857583104408
    ],
    [
        -0.01481034974124626
    ],
    [
        0.012395003598944757
    ],
    [
        -0.07390097280118728
    ],
    [
        -0.01685489370590908
    ],
    [
        0.043480737146440705
    ],
    [
        0.005534064569864343
    ],
    [
        0.06424932702066768
    ],
    [
        -0.06304752540592332
    ],
    [
        0.08225962684450625
    ],
    [
        0.01103626474298548
    ],
    [
        -0.0801438708833954
    ],
    [
        0.025726446802724418
    ],
    [
        0.05263616285406241
    ],
    [
        -0.2104574690288059
    ],
    [
        -0.03848234352710214
    ],
    [
        -0.11740593857575848
    ],
    [
        0.035098352609608675
    ],
    [
        -0.019483611211325087
    ],
    [
        -0.06271975276578612
    ],
    [
        0.1661981550293503
    ],
    [
        0.08359503775234663
    ],
    [
        0.010798458596409006
    ],
    [
        -0.07079220668756432
    ],
    [
        -0.019297473141588844
    ],
    [
        -0.005163313601540956
    ],
    [
        0.1892767742539078
    ],
    [
        0.0812990839762881
    ],
    [
        0.01805733540159814
    ],
    [
        -0.12298832479095632
    ],
    [
        0.044544159971483706
    ],
    [
        0.014202779927752044
    ],
    [
        0.05846088954361116
    ],
    [
        0.02900177891894823
    ],
    [
        0.01095309892053758
    ],
    [
        -0.0258151327648765
    ],
    [
        -0.4529579673420458
    ],
    [
        -0.04446892176808308
    ],
    [
        0.05215997043630579
    ],
    [
        8.922428592519129e-05
    ],
    [
        -0.0033501176097883124
    ],
    [
        0.06110520642852108
    ],
    [
        -0.005591420871405621
    ],
    [
        0.000594834988367693
    ],
    [
        -0.059669121438695356
    ],
    [
        -0.033366464920551495
    ],
    [
        -0.012612517655974397
    ],
    [
        0.02023742761625402
    ],
    [
        0.019063713874867223
    ],
    [
        0.03291593957959266
    ],
    [
        0.012456702500244415
    ],
    [
        -0.0032254969287543005
    ],
    [
        0.03897809113461986
    ],
    [
        0.014466771680908819
    ],
    [
        0.03077192967394191
    ],
    [
        0.016066880228634544
    ],
    [
        -0.1277615663126393
    ],
    [
        -0.03417553138530065
    ],
    [
        -0.006940674023629383
    ],
    [
        -0.04998237042211472
    ],
    [
        -0.005249514093808878
    ],
    [
        0.006113093052611065
    ],
    [
        -0.01567392870004892
    ],
    [
        -0.00769431613056509
    ],
    [
        -0.005715365974800393
    ],
    [
        0.025804685704310083
    ],
    [
        -0.042196991225886986
    ],
    [
        0.006711644235645774
    ],
    [
        -0.038415625810946985
    ],
    [
        -0.008347303691669685
    ],
    [
        -0.003373156906027254
    ],
    [
        -0.005134433108211711
    ],
    [
        -0.03151036508972286
    ],
    [
        -0.0037655579323498073
    ],
    [
        0.07875666016851504
    ],
    [
        -0.006735718221786358
    ],
    [
        0.00823529739230257
    ],
    [
        0.00403448539934819
    ],
    [
        -7.002849000761157e-05
    ],
    [
        0.000968460740469216
    ],
    [
        0.06335089477020459
    ],
    [
        -0.03734757045865015
    ],
    [
        -0.01123279432679401
    ],
    [
        -0.014467160620480543
    ],
    [
        0.026099085680528877
    ],
    [
        0.00717746229955066
    ],
    [
        0.04898307886442636
    ],
    [
        0.002068172908226727
    ],
    [
        0.007879578268992972
    ],
    [
        0.0010885135657659154
    ],
    [
        -0.01521675399273173
    ],
    [
        -0.00857135141089985
    ],
    [
        -0.056355765479763044
    ],
    [
        -0.01936141582638656
    ],
    [
        0.010206814253701907
    ],
    [
        0.034881048375408195
    ],
    [
        0.03360547009537202
    ],
    [
        -0.0019501304496334806
    ],
    [
        0.02098082320832359
    ],
    [
        -0.019346246428032142
    ],
    [
        -0.0020432084068871047
    ],
    [
        0.04122196930246829
    ],
    [
        -0.0014967975559235622
    ],
    [
        -0.00219325577415163
    ],
    [
        -0.00870210489114754
    ],
    [
        0.008936198496759647
    ],
    [
        -0.043244662262227604
    ],
    [
        -0.008865157346660633
    ],
    [
        -0.0030185813787672964
    ],
    [
        0.23015670491204035
    ],
    [
        -0.002310334573926141
    ],
    [
        0.007239748334115222
    ],
    [
        -0.002459364553521892
    ],
    [
        0.001385191857433364
    ],
    [
        -0.01081282182406594
    ],
    [
        0.0029466516931763425
    ],
    [
        0.0008019370926208283
    ],
    [
        -0.003686307699311797
    ],
    [
        -0.007061417314446253
    ],
    [
        -0.0022124713104130023
    ],
    [
        0.00590236683744418
    ],
    [
        -0.013073880893347366
    ],
    [
        0.0018920872661543709
    ],
    [
        -0.023514077252843303
    ],
    [
        -0.006243718949699874
    ],
    [
        0.014116298327537604
    ],
    [
        0.003268230128394209
    ],
    [
        0.0014211376520242935
    ],
    [
        0.010244552487415898
    ],
    [
        -0.0024036707158391706
    ],
    [
        -0.021045746902880677
    ],
    [
        -0.016378992764555435
    ],
    [
        0.004536151853027964
    ],
    [
        0.010346043355603796
    ],
    [
        0.001862688522136246
    ],
    [
        0.0110730733031649
    ],
    [
        -0.015129017599452706
    ],
    [
        -0.0145657652811266
    ],
    [
        -0.0010552433620634708
    ],
    [
        0.00691890375204242
    ],
    [
        0.002360051523085415
    ],
    [
        -0.0003361993070746383
    ],
    [
        0.0069123462807480635
    ],
    [
        -0.015924006829658985
    ],
    [
        -0.0023231279147408208
    ],
    [
        -0.02499752751782784
    ],
    [
        -0.0008810684049483952
    ],
    [
        -0.0019013848349153253
    ],
    [
        -0.006082704106797015
    ],
    [
        -0.012444562726286433
    ],
    [
        -0.0006655089215108664
    ],
    [
        0.010091490269030005
    ],
    [
        0.19774938404652065
    ],
    [
        0.006412297247180897
    ],
    [
        0.02599502361833989
    ],
    [
        0.00040069484761947986
    ],
    [
        0.00089876336360862
    ],
    [
        -0.003609792785154081
    ],
    [
        0.00011422968616233861
    ],
    [
        -0.0002873730237628828
    ],
    [
        0.0074128916717153305
    ],
    [
        0.006835155997474622
    ],
    [
        0.0015450588576330995
    ],
    [
        -0.01083957940862849
    ],
    [
        -0.001087705866310674
    ],
    [
        0.003943587158774124
    ],
    [
        -0.001470689435029937
    ],
    [
        5.386766869160315e-05
    ],
    [
        -0.012617397482060606
    ],
    [
        0.0017507079893030306
    ],
    [
        -0.003303791849442292
    ],
    [
        -0.0009349585658232554
    ],
    [
        0.007185402108444585
    ],
    [
        0.009098551876642966
    ],
    [
        0.0006777075634246602
    ],
    [
        -0.008974322347446806
    ],
    [
        -0.00102460502462638
    ],
    [
        -0.0004780648135712862
    ],
    [
        -0.002183637861114061
    ],
    [
        4.979155556289522e-05
    ],
    [
        0.00029643897596027597
    ],
    [
        -0.007407647845969539
    ],
    [
        0.008530227882720304
    ],
    [
        -0.0003088865070598392
    ],
    [
        -0.010433812686073513
    ],
    [
        0.0034711568462037433
    ],
    [
        0.000992336449963549
    ],
    [
        0.001438873541276893
    ],
    [
        0.004803069131838603
    ],
    [
        0.00013227552631481205
    ],
    [
        -0.018009225551496734
    ],
    [
        0.0012575549722619222
    ],
    [
        -0.0008301010474711439
    ],
    [
        0.0014646333413635506
    ],
    [
        0.0007609638664091767
    ],
    [
        5.972032919214284e-05
    ],
    [
        -0.024334761448444833
    ],
    [
        0.004656255416278648
    ],
    [
        0.0005661942164328201
    ],
    [
        -0.011466168582411135
    ],
    [
        0.003320998963645338
    ],
    [
        -0.0005306775609683209
    ],
    [
        0.011325976924860688
    ],
    [
        0.0012965350337198432
    ],
    [
        -0.0005454105456651897
    ],
    [
        0.0025171056403395153
    ],
    [
        0.0014141304863638455
    ],
    [
        0.0006102328516050572
    ],
    [
        -0.000603225685944276
    ],
    [
        0.016538681399977946
    ],
    [
        -0.0006845534220420676
    ],
    [
        -0.005609575490519947
    ],
    [
        -0.012249141592147692
    ],
    [
        -0.00020140469229206693
    ],
    [
        0.010046875568600545
    ],
    [
        0.001660015301116206
    ],
    [
        2.3837907204404815e-05
    ],
    [
        0.022887846796464634
    ]
]