[
    [
        -0.01979700973970881
    ],
    [
        0.7688242626735945
    ],
    [
        -0.8060836279582633
    ],
    [
        0.0697048420246285
    ],
    [
        -0.12464154464143926
    ],
    [
        0.2611441184629448
    ],
    [
        0.03729324944061683
    ],
    [
        0.1583072645911229
    ],
    [
        0.8173942230641789
    ],
    [
        0.00034232603807223265
    ],
    [
        0.0023596345542553974
    ],
    [
        0.3067199220015835
    ],
    [
        0.49737499369790317
    ],
    [
        0.028569112400198802
    ],
    [
        -0.022006626018491123
    ],
    [
        -0.41670740389817
    ],
    [
        0.3216499866673194
    ],
    [
        0.3216499866673194
    ],
    [
        -1.9578938879263146
    ],
    [
        -0.00897225298760317
    ],
    [
        -0.25754443781873604
    ],
    [
        0.05618064820859863
    ],
    [
        -0.11942025179225142
    ],
    [
        -0.024126260138446785
    ],
    [
        0.3553347837189918
    ],
    [
        -0.19137045046029577
    ],
    [
        -0.09998554954176501
    ],
    [
        -0.2211967176615156
    ],
    [
        0.2684414540262044
    ],
    [
        -0.20005257261501824
    ],
    [
        0.3765392786909619
    ],
    [
        0.013907329168101265
    ],
    [
        -0.08255791188682582
    ],
    [
        0.011199216095460549
    ],
    [
        0.011199216095460549
    ],
    [
        0.3459687426546673
    ],
    [
        0.07012283369472787
    ],
    [
        0.07366514194283641
    ],
    [
        0.0017431652417520254
    ],
    [
        -4.873610321982479e-06
    ],
    [
        0.011128942983567654
    ],
    [
        -0.013400680335110209
    ],
    [
        0.02745091357865397
    ],
    [
        0.0008362829536273957
    ],
    [
        -0.004074971672586852
    ],
    [
        -0.07677381987992236
    ],
    [
        -0.0833743371333074
    ],
    [
        2.2611479174371417e-05
    ],
    [
        0.01512524326056385
    ],
    [
        -0.020131198444527817
    ],
    [
        0.003675363682256841
    ],
    [
        0.003675363682256841
    ],
    [
        -0.007972963528870964
    ],
    [
        -0.007397158334313511
    ],
    [
        -0.00149567347894689
    ],
    [
        -0.0008493395753211733
    ],
    [
        0.0016649049207975294
    ],
    [
        -0.0011421378976174137
    ],
    [
        7.437077560034505e-05
    ],
    [
        -0.0015934165181981502
    ],
    [
        -0.00027879178639841863
    ],
    [
        3.453953232740397e-05
    ],
    [
        0.004690829559374642
    ],
    [
        -0.00020684419739158864
    ],
    [
        -0.000655204256453323
    ],
    [
        -5.164966625626069e-05
    ],
    [
        -4.718324817690245e-05
    ],
    [
        2.6258229052461726e-06
    ],
    [
        2.6258229052461726e-06
    ],
    [
        -0.0010461604633120918
    ],
    [
        3.955827204543905e-06
    ],
    [
        -4.656362127753957e-06
    ],
    [
        6.6694123317543955e-06
    ],
    [
        -2.6878003244725573e-05
    ],
    [
        1.8765942068826988e-05
    ],
    [
        -2.6073713166537256e-07
    ],
    [
        -2.0621758784920646e-05
    ],
    [
        7.149872805281355e-07
    ],
    [
        -5.243879882624659e-07
    ],
    [
        9.412503717289337e-05
    ],
    [
        -4.730975182155912e-06
    ],
    [
        -4.554101006623514e-07
    ],
    [
        7.97351316125288e-07
    ],
    [
        -1.1136887955089062e-06
    ],
    [
        4.7512381962215744e-08
    ],
    [
        4.7512381962215744e-08
    ],
    [
        -1.8920520080300695e-06
    ],
    [
        6.343010728112745e-06
    ],
    [
        -9.751958557657793e-08
    ],
    [
        9.00202444362227e-07
    ],
    [
        -2.276509810998313e-06
    ],
    [
        6.673377631370655e-07
    ],
    [
        1.2064607369400246e-09
    ],
    [
        1.7119853487389296e-06
    ],
    [
        -1.246794965017161e-08
    ],
    [
        3.1727610692786825e-09
    ],
    [
        -3.569922772006474e-06
    ],
    [
        -1.0161284487168848e-08
    ],
    [
        -5.301002621273022e-08
    ],
    [
        -2.4715207834777774e-09
    ],
    [
        -2.6253591485937614e-09
    ],
    [
        4.572540665563597e-11
    ],
    [
        4.572540665563597e-11
    ],
    [
        1.9387727769821206e-06
    ],
    [
        4.945863866621309e-07
    ],
    [
        -9.644693916868552e-10
    ],
    [
        6.723711425092271e-08
    ],
    [
        -4.0898204077347585e-07
    ],
    [
        1.690969299077717e-08
    ],
    [
        -4.5970294190427615e-12
    ],
    [
        1.7430457937546824e-07
    ],
    [
        2.3047535836258373e-11
    ],
    [
        -4.308403815005434e-11
    ],
    [
        -5.00656928918308e-07
    ],
    [
        -2.1500142020264278e-10
    ],
    [
        -4.3186158467807e-11
    ],
    [
        2.5822387368276024e-11
    ],
    [
        -6.190314293843058e-11
    ],
    [
        6.624738483053546e-13
    ],
    [
        6.624738483053546e-13
    ],
    [
        5.779221548607812e-08
    ],
    [
        -1.383411073134363e-08
    ],
    [
        -7.470362458331813e-12
    ],
    [
        -1.479953137965557e-09
    ],
    [
        -5.715912343036588e-09
    ],
    [
        -1.5629655279987697e-09
    ],
    [
        1.6621598467459458e-14
    ],
    [
        -3.4311977385400934e-09
    ],
    [
        -4.880348485756327e-13
    ],
    [
        1.497195392354789e-13
    ],
    [
        8.090585620386234e-10
    ],
    [
        -4.4870057436140503e-13
    ],
    [
        -3.171671168292624e-12
    ],
    [
        -9.121607378029719e-14
    ],
    [
        -1.459549565492862e-13
    ],
    [
        7.286884912221013e-16
    ],
    [
        7.286884912221013e-16
    ]
]