[
    [
        -0.19427471578021602
    ],
    [
        0.4186101659992926
    ],
    [
        -0.5362893724822514
    ],
    [
        -1.2308739326678653
    ],
    [
        0.10853146608056072
    ],
    [
        1.2405182998937045
    ],
    [
        -0.03066930553610715
    ],
    [
        0.4663321717351543
    ],
    [
        -0.9810718489994704
    ],
    [
        0.03254643600797861
    ],
    [
        0.9514256260142119
    ],
    [
        -0.029430297832864973
    ],
    [
        -0.008094166241299086
    ],
    [
        0.8389115359133748
    ],
    [
        0.03749567719770208
    ],
    [
        0.021509789518112946
    ],
    [
        -0.1982778383748291
    ],
    [
        -0.02546922845572045
    ],
    [
        -0.7823336009488366
    ],
    [
        0.7432656681392941
    ],
    [
        1.05059942207202
    ],
    [
        -1.3752549242120227
    ],
    [
        0.050303160922787936
    ],
    [
        -0.15722450637461557
    ],
    [
        -0.4293680270304238
    ],
    [
        0.05256710407524888
    ],
    [
        0.29225271118750523
    ],
    [
        -1.5756937479306172
    ],
    [
        0.043419166085468405
    ],
    [
        -0.03611199506667132
    ],
    [
        0.10122429506176392
    ],
    [
        -0.016430662778491346
    ],
    [
        0.4229317056547792
    ],
    [
        0.8340172570174236
    ],
    [
        0.06145538950171242
    ],
    [
        0.03106609766057066
    ],
    [
        -0.12319079269839003
    ],
    [
        0.06338596477353924
    ],
    [
        0.2103893959631022
    ],
    [
        0.19255681099851268
    ],
    [
        -0.38620083883060513
    ],
    [
        -0.3765653999655757
    ],
    [
        -0.2183056102032902
    ],
    [
        0.05177785447888046
    ],
    [
        0.04343144444926037
    ],
    [
        -0.0626628629201624
    ],
    [
        0.22635026876283115
    ],
    [
        0.3679630637909356
    ],
    [
        0.3571122934604462
    ],
    [
        -0.10327932744341353
    ],
    [
        -0.08158518002701663
    ],
    [
        0.15543420963756527
    ],
    [
        0.001850789124856964
    ],
    [
        0.0642391543535062
    ],
    [
        -0.07418410971966286
    ],
    [
        0.48918599608285546
    ],
    [
        0.23949698995959892
    ],
    [
        0.11022854987092214
    ],
    [
        -0.006390360338424093
    ],
    [
        0.02783062601847685
    ],
    [
        0.016055411517650223
    ],
    [
        0.03257899808892725
    ],
    [
        0.020259126472368393
    ],
    [
        -0.03132833504318283
    ],
    [
        -0.32554974369984235
    ],
    [
        -0.18633584649288748
    ],
    [
        0.31360775181790096
    ],
    [
        -0.06269046779986336
    ],
    [
        0.05575539197360524
    ],
    [
        -0.01853415262946253
    ],
    [
        0.1788829049229662
    ],
    [
        0.16982074097273236
    ],
    [
        0.12936332211974638
    ],
    [
        -0.05433310174829289
    ],
    [
        0.24603007163336668
    ],
    [
        0.07265009912868206
    ],
    [
        -0.0044765377635255866
    ],
    [
        -0.015173350657924484
    ],
    [
        0.012795757553354643
    ],
    [
        -0.01477366704140245
    ],
    [
        0.010261531894625786
    ],
    [
        -0.041653523142259924
    ],
    [
        -0.07812964754172512
    ],
    [
        -0.08023216480571724
    ],
    [
        0.0026808063588695053
    ],
    [
        -0.06630311161545126
    ],
    [
        -0.10788263578349863
    ],
    [
        0.003294732829302909
    ],
    [
        0.053168138324820556
    ],
    [
        -0.008390148167834444
    ],
    [
        -0.07823336009488303
    ],
    [
        -0.05439496215126362
    ],
    [
        -0.03317035619254922
    ],
    [
        0.033232216595520316
    ],
    [
        -0.16676910327049063
    ],
    [
        0.01514027614238703
    ],
    [
        0.397658898761469
    ],
    [
        -0.052747550053037606
    ],
    [
        -7.2305870489630674e-06
    ],
    [
        0.12540487976876827
    ],
    [
        -0.004870319745406195
    ],
    [
        0.0006806528374367488
    ],
    [
        -0.0002868708555561091
    ],
    [
        0.0337276679221982
    ],
    [
        0.035064541402852006
    ],
    [
        -0.08396555998297513
    ],
    [
        -0.007575585394418479
    ],
    [
        -0.007326139193972702
    ],
    [
        0.02769748214174569
    ],
    [
        -0.0013186350352533405
    ],
    [
        -0.015731618565693724
    ],
    [
        0.0022765865595446677
    ],
    [
        -0.028459501065484408
    ],
    [
        0.016204151455539523
    ],
    [
        0.022516881504570808
    ],
    [
        -0.005606306325003892
    ],
    [
        -0.004988135833778959
    ],
    [
        -0.031059080983476615
    ],
    [
        -0.01676289472976915
    ],
    [
        -0.02810838858739332
    ],
    [
        -0.033258364224562666
    ],
    [
        -0.04838689893922046
    ],
    [
        0.006857361285974977
    ],
    [
        -0.038702627152471254
    ],
    [
        -0.011886615783216519
    ],
    [
        -0.005474886950393811
    ],
    [
        0.02004230909247991
    ],
    [
        -0.05840403453908545
    ],
    [
        -0.01961892839244252
    ],
    [
        0.011719851316076509
    ],
    [
        -0.04277318483857894
    ],
    [
        -0.001520330900443497
    ],
    [
        -0.06358912004447637
    ],
    [
        0.009213763247440714
    ],
    [
        -0.0007926247147786422
    ],
    [
        -0.005126405703359182
    ],
    [
        0.033928908676138896
    ],
    [
        0.02654259644393231
    ],
    [
        -0.007303366795250491
    ],
    [
        -0.011436717886084741
    ],
    [
        -0.008943606186232978
    ],
    [
        0.011990175904483294
    ],
    [
        -0.027516836280465612
    ],
    [
        -0.013074509575206233
    ],
    [
        -0.02987756242448246
    ],
    [
        0.007030020429294429
    ],
    [
        -0.008183528473444697
    ],
    [
        0.0030317334194883572
    ],
    [
        0.0012303346398191278
    ],
    [
        -0.03933305266061792
    ],
    [
        0.028650009358395047
    ],
    [
        0.008887368834697618
    ],
    [
        0.01434163649937528
    ],
    [
        0.006234855919894902
    ],
    [
        0.002752434125028174
    ],
    [
        0.0004747365013862165
    ],
    [
        0.008180454272382159
    ],
    [
        0.0029243715002928404
    ],
    [
        -0.004078933562539266
    ],
    [
        -0.00425836279239646
    ],
    [
        -0.004304162521631549
    ],
    [
        0.008307419979472253
    ],
    [
        -0.007823336009488332
    ],
    [
        0.004272008551965495
    ],
    [
        0.0010877766732518377
    ],
    [
        0.0016702352040771867
    ],
    [
        0.03221539884374645
    ],
    [
        -0.00022273257806323281
    ],
    [
        -0.04017619473912778
    ],
    [
        0.009881174350358372
    ],
    [
        -0.000283021274138491
    ],
    [
        -0.006566419656731552
    ],
    [
        0.0005235724781476296
    ],
    [
        0.00014027347093382972
    ],
    [
        0.0005664886907376505
    ],
    [
        -0.0035102811208089393
    ],
    [
        0.0022314674588011178
    ],
    [
        -0.03805423899861023
    ],
    [
        0.0008238987048418677
    ],
    [
        0.0008300905869189922
    ],
    [
        0.026996020066633635
    ],
    [
        -0.0002686593898289409
    ],
    [
        0.0011631281921643654
    ],
    [
        0.007992900032362157
    ],
    [
        0.01050008034999437
    ],
    [
        -0.0007098137784719063
    ],
    [
        0.004551369927852856
    ],
    [
        0.0006069781860235019
    ],
    [
        0.0005683634023556285
    ],
    [
        0.0050595143315157595
    ],
    [
        0.0012397558809490875
    ],
    [
        0.002008353933346208
    ],
    [
        -0.0004956756892669146
    ],
    [
        0.016623021366215785
    ],
    [
        -0.00045027821291491815
    ],
    [
        -0.015698006651914603
    ],
    [
        0.00263404396662901
    ],
    [
        0.00038990825438234365
    ],
    [
        0.00515650205137083
    ],
    [
        0.0062938165565757705
    ],
    [
        0.0013689653570234368
    ],
    [
        -0.004738410413306339
    ],
    [
        0.012455530469713157
    ],
    [
        0.00022682176411847158
    ],
    [
        -0.01676128579637094
    ],
    [
        -0.003216854296979915
    ],
    [
        -9.498509123142207e-06
    ],
    [
        -0.0010320099862934063
    ],
    [
        -0.002855792593612595
    ],
    [
        -0.0024067343646180963
    ],
    [
        0.0009583644365988932
    ],
    [
        0.005268990692906213
    ],
    [
        0.0011333461801789537
    ],
    [
        0.0019050831063870902
    ],
    [
        0.003969683591102356
    ],
    [
        0.0010416437219156914
    ],
    [
        0.0001555554271461126
    ]
]