[
    [
        0.15941907137711872
    ],
    [
        2.804218286191644
    ],
    [
        -0.40624430505612863
    ],
    [
        -0.4687875742154101
    ],
    [
        -0.01922792563095415
    ],
    [
        0.1350578523081835
    ],
    [
        -0.23427168166574827
    ],
    [
        -0.06750351109737526
    ],
    [
        -1.1063663802539048
    ],
    [
        -0.04516088260556082
    ],
    [
        -0.05602816134192349
    ],
    [
        -0.10970730444197588
    ],
    [
        0.13299661175990704
    ],
    [
        0.20177656224967472
    ],
    [
        -0.04304406548861503
    ],
    [
        0.036033213059769226
    ],
    [
        0.0224154831339463
    ],
    [
        0.21525450775820934
    ],
    [
        0.09481770231003524
    ],
    [
        -0.012659633309403137
    ],
    [
        -0.07713853764837966
    ],
    [
        0.031068451871564526
    ],
    [
        -0.32751378589902225
    ],
    [
        0.17105493747929842
    ],
    [
        -0.07273158449498512
    ],
    [
        -0.03492697869434505
    ],
    [
        0.13438609907015736
    ],
    [
        -0.02359364315339182
    ],
    [
        -0.005142740222004123
    ],
    [
        -2.246511547176365
    ],
    [
        2.552034214290857
    ],
    [
        3.2254488940433856
    ],
    [
        -2.9732648221425673
    ],
    [
        0.1427254062580111
    ],
    [
        0.11221120579511905
    ],
    [
        -0.6611809171092552
    ],
    [
        -0.07346491572233028
    ],
    [
        0.2581538953139287
    ],
    [
        -0.6534765538070096
    ],
    [
        -0.23240768694705077
    ],
    [
        0.06268879674850647
    ],
    [
        0.15049096456759337
    ],
    [
        -0.23338556922500678
    ],
    [
        -0.08123333412763838
    ],
    [
        0.4496767556608287
    ],
    [
        -0.4510257625443747
    ],
    [
        0.1251619282746229
    ],
    [
        0.09159215260400054
    ],
    [
        -0.21365598923309748
    ],
    [
        0.03280163842448322
    ],
    [
        0.11335083971124128
    ],
    [
        -1.5598724662745054
    ],
    [
        -0.039853472722672985
    ],
    [
        0.4933595587432689
    ],
    [
        0.09784653775369834
    ],
    [
        -0.022615535499062915
    ],
    [
        -0.12039188486019399
    ],
    [
        -0.0687769453475187
    ],
    [
        0.010674987442567792
    ],
    [
        0.002073796563024561
    ],
    [
        0.1378747512154966
    ],
    [
        0.06469514640155045
    ],
    [
        -0.3122772020590195
    ],
    [
        -0.36585628015567967
    ],
    [
        0.24913110426785873
    ],
    [
        0.24972178764772524
    ],
    [
        -0.07680066673276645
    ],
    [
        0.03398901395570134
    ],
    [
        0.24458821502673928
    ],
    [
        -0.2968545905398648
    ],
    [
        -0.10793523512474747
    ],
    [
        0.3617457601760094
    ],
    [
        -0.011401653553621587
    ],
    [
        0.2888919767224587
    ],
    [
        -0.24145711010906556
    ],
    [
        0.011409029535747782
    ],
    [
        0.08267157655750387
    ],
    [
        -0.07166512295930193
    ],
    [
        -0.1536630512164006
    ],
    [
        0.1808686493599906
    ],
    [
        0.18804890961461918
    ],
    [
        -0.04806967000289087
    ],
    [
        0.17161778593128016
    ],
    [
        -0.02873041361835574
    ],
    [
        -0.05409600865894511
    ],
    [
        -0.04345012345393026
    ],
    [
        0.08488649880347411
    ],
    [
        -0.05271132877345396
    ],
    [
        -0.0835855050675819
    ],
    [
        0.059158296192660755
    ],
    [
        0.08886151820343302
    ],
    [
        -0.14892064807292557
    ],
    [
        0.09112758174106145
    ],
    [
        -0.026556898249989688
    ],
    [
        -0.030555343814479018
    ],
    [
        -0.2704015438345605
    ],
    [
        -0.1380079845108632
    ],
    [
        0.04022324645029517
    ],
    [
        0.2688396755398634
    ],
    [
        -0.143957067190357
    ],
    [
        -0.0656811472044369
    ],
    [
        0.1369066298998129
    ],
    [
        -0.14224883128983692
    ],
    [
        -0.04660757773422043
    ],
    [
        0.1539294303297184
    ],
    [
        0.11496149058970795
    ],
    [
        0.07835363111882035
    ],
    [
        -0.05892902263836557
    ],
    [
        -0.15724257526773805
    ],
    [
        -0.1171087536387463
    ],
    [
        0.2507576857530975
    ],
    [
        -0.15531080135563755
    ],
    [
        0.10782258114538654
    ],
    [
        0.04234547998824432
    ],
    [
        0.07826057248116312
    ],
    [
        -0.08011152268971708
    ],
    [
        -0.1776083689571914
    ],
    [
        -0.30562424648130787
    ],
    [
        0.09783695801952505
    ],
    [
        0.06272854514876934
    ],
    [
        0.002985724823939079
    ],
    [
        -0.02545321671191457
    ],
    [
        0.11655378723409252
    ],
    [
        0.011489005573168887
    ],
    [
        -0.3201302678799434
    ],
    [
        0.01575352896398791
    ],
    [
        -0.08036556658392427
    ],
    [
        -0.012412832688407175
    ],
    [
        0.08851581550406519
    ],
    [
        -0.008980660932510638
    ],
    [
        0.019115943342835864
    ],
    [
        -0.07913930417086316
    ],
    [
        0.012814693273008855
    ],
    [
        0.0023087799115188603
    ],
    [
        -0.10884700355984926
    ],
    [
        -0.014797970659250911
    ],
    [
        0.021083759146978343
    ],
    [
        -0.0048183905660743
    ],
    [
        0.10577749606018023
    ],
    [
        -0.07820380120154234
    ],
    [
        0.021051481618805178
    ],
    [
        -0.05417617055938815
    ],
    [
        0.0003650581703323998
    ],
    [
        -0.0030982139663656926
    ],
    [
        -0.06110993504500307
    ],
    [
        -0.22465115471763764
    ],
    [
        -0.09690488187838618
    ],
    [
        -0.15854379991014508
    ],
    [
        -0.05017556469277673
    ],
    [
        -0.05691784663840635
    ],
    [
        -0.06240280596887849
    ],
    [
        0.2171576106268097
    ],
    [
        0.01916500493278155
    ],
    [
        -0.0056954114209358895
    ],
    [
        0.04925895163692318
    ],
    [
        0.017386996229139414
    ],
    [
        -0.005823750231897375
    ],
    [
        -0.008577521173304164
    ],
    [
        0.03497280008576839
    ],
    [
        0.03610968143293391
    ],
    [
        -0.09653569823061604
    ],
    [
        0.032901309881259486
    ],
    [
        -0.008611870075508834
    ],
    [
        0.09226434742834173
    ],
    [
        -0.012840967584312007
    ],
    [
        0.00045858899344984757
    ],
    [
        0.02387138416403049
    ],
    [
        -0.38160184916430223
    ],
    [
        -0.016720839930384142
    ],
    [
        0.07819242121474154
    ],
    [
        0.007856252336011374
    ],
    [
        -0.026306181073245952
    ],
    [
        0.034203457701217216
    ],
    [
        -0.005190596525427714
    ],
    [
        -0.042577221244017235
    ],
    [
        -0.03259774881448483
    ],
    [
        -0.018502393560715237
    ],
    [
        -0.012114601414257598
    ],
    [
        0.01820416228656461
    ],
    [
        0.04503876323042695
    ],
    [
        0.018990436052436624
    ],
    [
        0.02448661622120033
    ],
    [
        0.012553927446150642
    ],
    [
        0.0034963799054133853
    ],
    [
        -0.02503096828407547
    ],
    [
        0.014803976768862108
    ],
    [
        0.007884625932270364
    ],
    [
        -0.0035726593583025722
    ],
    [
        -0.028392593648447588
    ],
    [
        -0.01787645811398136
    ],
    [
        -0.03287025240843363
    ],
    [
        0.004031278395492024
    ],
    [
        -0.0080134603789708
    ],
    [
        0.016796875256486522
    ],
    [
        0.009439972962139633
    ],
    [
        -0.0007489335006643356
    ],
    [
        -0.006382259549958184
    ],
    [
        -0.026485151926545176
    ],
    [
        -0.008872494518284967
    ],
    [
        -0.07348935711501962
    ],
    [
        0.0005847565520661495
    ],
    [
        -0.011806773831556724
    ],
    [
        -0.0035759533797607187
    ],
    [
        0.003267779885595716
    ],
    [
        0.0061638653829089235
    ],
    [
        0.011652113878473027
    ],
    [
        0.023598557019743945
    ],
    [
        0.010711579798603989
    ],
    [
        -0.039128527384422136
    ],
    [
        0.014765028326100207
    ],
    [
        -0.038966394119472225
    ],
    [
        0.12997886185355115
    ],
    [
        0.012740104063720682
    ],
    [
        -0.0007400496136371191
    ],
    [
        -0.0902038556516283
    ],
    [
        -0.023278497228152083
    ],
    [
        -0.0027034057704817364
    ],
    [
        0.04703338461743859
    ],
    [
        -0.031937775930181656
    ],
    [
        0.003954864633092354
    ],
    [
        -0.026193259262300057
    ],
    [
        0.0014102540274691297
    ],
    [
        -0.002303633648778029
    ],
    [
        0.0012584377916401446
    ],
    [
        -0.006176681995477055
    ],
    [
        0.013433206064254879
    ],
    [
        -0.010354738035144454
    ],
    [
        -0.04323021577879799
    ],
    [
        -0.009437777634350353
    ],
    [
        -0.0084419416318559
    ],
    [
        0.0034700047429868457
    ],
    [
        -0.03188323472530232
    ],
    [
        0.05009096652625974
    ],
    [
        0.01452097327100697
    ],
    [
        0.0013490906152205406
    ],
    [
        -0.003507047756810959
    ],
    [
        0.004913655305077777
    ],
    [
        -0.029934416671723082
    ],
    [
        -0.014306903209523873
    ],
    [
        -0.002519380785121631
    ],
    [
        0.24953717787517365
    ],
    [
        -0.004484785801139308
    ],
    [
        0.0032437607666164097
    ],
    [
        0.0022465963377664914
    ],
    [
        -0.001788668258476574
    ],
    [
        -0.0042130889164795965
    ],
    [
        -0.001784246117235427
    ],
    [
        0.006304057416698167
    ],
    [
        0.0030002177283022374
    ],
    [
        -0.0006440856877559643
    ],
    [
        -0.007681193231338889
    ],
    [
        0.0015329723614996846
    ],
    [
        -0.0015758650840864024
    ],
    [
        -0.019666864992901115
    ],
    [
        -0.01603300564244801
    ],
    [
        0.006387529711036572
    ],
    [
        0.00963842975572251
    ],
    [
        0.002720106042816083
    ],
    [
        -0.0015450693500821198
    ],
    [
        -0.007363961248235234
    ],
    [
        0.011923314553375588
    ],
    [
        -0.022465115471763837
    ],
    [
        -0.00360821196791591
    ],
    [
        0.007778660354033217
    ],
    [
        0.010350524884889774
    ],
    [
        0.011376759416923976
    ],
    [
        0.009177972736481244
    ],
    [
        -0.019205641538185107
    ],
    [
        -0.0034053667905421655
    ],
    [
        -5.5436530932066706e-05
    ],
    [
        -4.624443533628399e-05
    ],
    [
        -0.00153030003692986
    ],
    [
        -0.0007157435479434077
    ],
    [
        0.007159698889951047
    ],
    [
        -0.005034350688838521
    ],
    [
        -0.005115832432230458
    ],
    [
        -0.019784233550653955
    ],
    [
        -0.0021997728957082485
    ],
    [
        0.0005647193019848542
    ],
    [
        -0.012671849615800524
    ],
    [
        -0.0059089974265099
    ],
    [
        2.667258990275354e-05
    ],
    [
        0.0033629440514856145
    ],
    [
        0.21585926756303733
    ],
    [
        0.005264595412818465
    ],
    [
        0.028413314899319135
    ],
    [
        -0.0012129853364600625
    ],
    [
        -0.0048161860010853385
    ],
    [
        0.001544385536404528
    ],
    [
        -0.00027967967080761244
    ],
    [
        -0.010033761034131726
    ],
    [
        0.01355720147155433
    ],
    [
        0.0032507189323403153
    ],
    [
        0.0010084307312090335
    ],
    [
        -0.002012553325780876
    ],
    [
        -0.0055089162209274855
    ],
    [
        0.0015433450009997604
    ],
    [
        0.0021769029614511852
    ],
    [
        -0.002052079767375029
    ],
    [
        -0.0011742342917344802
    ],
    [
        -0.0009867748573701566
    ],
    [
        -0.0006606846404532125
    ],
    [
        -0.00042434084370338905
    ],
    [
        -0.0006992206330755335
    ],
    [
        0.005056136290342735
    ],
    [
        0.0009962268353905948
    ],
    [
        0.0002516942909648334
    ],
    [
        -0.0018333573991321742
    ],
    [
        0.0005412285977575856
    ],
    [
        0.004292346529676856
    ],
    [
        -0.0005699088568550918
    ],
    [
        -0.00026429999268933585
    ],
    [
        0.0001901231617898116
    ],
    [
        0.006901572408664111
    ],
    [
        0.0005369864008008944
    ],
    [
        -0.015119752040803958
    ],
    [
        0.0004965655935233946
    ],
    [
        0.001825071178593788
    ],
    [
        -0.0007886644106174664
    ],
    [
        0.000147172833763315
    ],
    [
        -7.34972555750337e-05
    ],
    [
        -0.0016495406622724046
    ],
    [
        -0.0072789212184379655
    ],
    [
        -0.0009558011577051237
    ],
    [
        -0.01143214261675791
    ],
    [
        0.00235018072004559
    ],
    [
        -0.007687936684476842
    ],
    [
        -0.010695249678017818
    ],
    [
        -0.0008617043357758325
    ],
    [
        2.102192079481638e-05
    ],
    [
        0.007228212126017758
    ],
    [
        0.008294693736466314
    ],
    [
        0.00038985578811838353
    ],
    [
        0.000953880231137859
    ],
    [
        0.010718273066577863
    ],
    [
        0.0003168700167982199
    ],
    [
        -0.008315037040560079
    ],
    [
        -0.0007044761012068592
    ],
    [
        9.524258914300445e-05
    ],
    [
        -0.0009358358380180332
    ],
    [
        0.006212188695110882
    ],
    [
        -0.0009569364913713485
    ],
    [
        -0.012619213451974644
    ],
    [
        0.013453523365999608
    ],
    [
        0.0008573727556982768
    ],
    [
        -0.0023875815683222076
    ],
    [
        0.00017567060669600892
    ],
    [
        -0.004502600739893737
    ],
    [
        -0.004155167520041333
    ]
]