[
    [
        -0.5731586778756995
    ],
    [
        0.0819903781205357
    ],
    [
        -0.35752007591431884
    ],
    [
        -2.017057726437122
    ],
    [
        0.32884946968927
    ],
    [
        1.8324050971320445
    ],
    [
        -0.06544338732691406
    ],
    [
        0.8375234640687449
    ],
    [
        -1.1187236441563386
    ],
    [
        -0.03604410400502661
    ],
    [
        1.428008926563857
    ],
    [
        -0.0072456884892874995
    ],
    [
        -0.029679110835276155
    ],
    [
        1.0496482541894712
    ],
    [
        0.03699207868066463
    ],
    [
        0.00843986824586826
    ],
    [
        -0.20683615943167374
    ],
    [
        -0.031033366633189178
    ],
    [
        0.13016355369077082
    ],
    [
        -0.4375316190491502
    ],
    [
        -0.6703638135653845
    ],
    [
        0.25323486124714245
    ],
    [
        -0.5284784764657932
    ],
    [
        -0.0016347470269609194
    ],
    [
        0.21009419030420967
    ],
    [
        0.14349128215464263
    ],
    [
        0.0031384303391132798
    ],
    [
        0.06913216250191517
    ],
    [
        -0.09535250710373855
    ],
    [
        -0.16782376566758192
    ],
    [
        -0.09154498486433069
    ],
    [
        -0.005603756337065783
    ],
    [
        -0.19992790677636413
    ],
    [
        -0.18044486650518737
    ],
    [
        -0.007299917601467963
    ],
    [
        0.44521163779446027
    ],
    [
        0.009703956300821527
    ],
    [
        -0.13316513261127758
    ],
    [
        -0.04375316190491533
    ],
    [
        0.13454643911893244
    ],
    [
        0.01575501911720324
    ],
    [
        0.12247171364219814
    ],
    [
        -0.0038500065897332336
    ],
    [
        -0.12703361877600755
    ],
    [
        -0.04268044503163549
    ],
    [
        0.02424728814191562
    ],
    [
        0.011219800557674171
    ],
    [
        0.028328089442544842
    ],
    [
        0.013856405780651686
    ],
    [
        0.0045282625027137586
    ],
    [
        0.0165449459334576
    ],
    [
        0.005352157715849329
    ],
    [
        -0.009536339607069563
    ],
    [
        -0.008080596537920244
    ],
    [
        -0.08993448953644943
    ],
    [
        0.003826928535428919
    ],
    [
        0.007548788211802023
    ],
    [
        -0.004375316190491525
    ],
    [
        -0.006999042387178594
    ],
    [
        -0.0024253562320510026
    ],
    [
        -0.005596247220639557
    ],
    [
        0.00018935377457043192
    ],
    [
        -0.00033504574100070417
    ],
    [
        0.012733250066864921
    ],
    [
        4.678333436489894e-05
    ],
    [
        -5.305522655084664e-05
    ],
    [
        -4.147822196800796e-06
    ],
    [
        -0.0006640258340675018
    ],
    [
        -0.00019612046104159223
    ],
    [
        2.32268397801606e-05
    ],
    [
        0.0011183891745218948
    ],
    [
        -0.0001253710791462126
    ],
    [
        3.161147701952369e-05
    ],
    [
        0.002680817353736972
    ],
    [
        -2.7389388848563142e-05
    ],
    [
        1.3499545236207026e-05
    ],
    [
        -4.375316190491506e-06
    ]
]