[
    [
        -0.10527190028004338
    ],
    [
        -0.6517133209063026
    ],
    [
        0.765335076135353
    ],
    [
        -0.7309576003808709
    ],
    [
        -0.4016585569788253
    ],
    [
        -0.35249689846504956
    ],
    [
        -0.42229674716313437
    ],
    [
        -1.360483717199949
    ],
    [
        -0.025798463693781012
    ],
    [
        0.13921637411216609
    ],
    [
        0.5688329807502658
    ],
    [
        0.9551860753904385
    ],
    [
        0.09943609386733941
    ],
    [
        -0.0820358808413488
    ],
    [
        0.3075578974168637
    ],
    [
        0.2760576072669972
    ],
    [
        -0.6017080171871897
    ],
    [
        -0.5788157179990627
    ],
    [
        0.02684916918746845
    ],
    [
        0.0037151563817524567
    ],
    [
        0.7347551073626495
    ],
    [
        0.772049981802577
    ],
    [
        0.02935696840784001
    ],
    [
        -0.032334872971629784
    ],
    [
        0.01004423513063527
    ],
    [
        -0.029352668850190233
    ],
    [
        0.5287507256250247
    ],
    [
        0.4257189962750945
    ],
    [
        0.15019142821568854
    ],
    [
        -0.11744516760700616
    ],
    [
        0.023613258421809887
    ],
    [
        -0.016030575957694467
    ],
    [
        -0.35771839346797657
    ],
    [
        0.1840930123559594
    ],
    [
        -0.019671961624649504
    ],
    [
        -0.008063181823619746
    ],
    [
        0.12914544547893458
    ],
    [
        0.09737111613765072
    ],
    [
        -0.03878024205182616
    ],
    [
        -0.02694836529328758
    ],
    [
        0.0533903075692961
    ],
    [
        -0.028179094140920194
    ],
    [
        0.3106277255603487
    ],
    [
        0.005922052447904119
    ],
    [
        0.054794967356769975
    ],
    [
        -0.0017047001221990904
    ],
    [
        0.00992066128435385
    ],
    [
        0.03764749222547888
    ],
    [
        -0.08257021432627563
    ],
    [
        -0.011649838426185567
    ],
    [
        0.11689198030981672
    ],
    [
        -0.012359124458867358
    ],
    [
        -0.01954653502019906
    ],
    [
        -0.001790660966002776
    ],
    [
        0.03402799617150321
    ],
    [
        -0.0005026742032267249
    ],
    [
        -0.009159090778756342
    ],
    [
        -0.028231555671057156
    ],
    [
        -0.08235438470961853
    ],
    [
        -0.05442764985501138
    ],
    [
        -0.048888747083051916
    ],
    [
        -0.004353326270460512
    ],
    [
        0.016847543247171942
    ],
    [
        -0.04828347866473491
    ],
    [
        0.04049973533001142
    ],
    [
        -0.053468647355765425
    ],
    [
        -0.06889001693229144
    ],
    [
        0.00998246147000966
    ],
    [
        -0.0015143598280304565
    ],
    [
        0.05131671312146054
    ],
    [
        0.01529619713425657
    ],
    [
        0.0024905671513745795
    ],
    [
        0.00359926767745517
    ],
    [
        -0.016799984402753876
    ],
    [
        -0.017246429946464827
    ],
    [
        -0.0007612465285869544
    ],
    [
        0.0004937557199126917
    ],
    [
        0.021308067142971027
    ],
    [
        0.001601002704186662
    ],
    [
        0.0030304641278256876
    ],
    [
        0.0002716430672822939
    ],
    [
        0.038009312915908915
    ],
    [
        8.041792811351848e-05
    ],
    [
        -0.00032906006400274895
    ],
    [
        -0.0009522126151234377
    ],
    [
        -0.00649282079904239
    ],
    [
        0.00027341438346629386
    ],
    [
        0.003366712960090551
    ],
    [
        0.0001537451984496258
    ],
    [
        0.0009341694534718231
    ],
    [
        0.0006784925780638936
    ],
    [
        0.0015686034318395953
    ],
    [
        -1.4501948659341414e-05
    ],
    [
        0.0004268089922236055
    ],
    [
        0.0003585997345765015
    ],
    [
        -0.0035044694007264417
    ],
    [
        0.0030052283723731106
    ],
    [
        -0.0027918743295784307
    ],
    [
        0.00022304870643870988
    ],
    [
        0.0008258535979106118
    ],
    [
        0.001035242780271744
    ],
    [
        -0.00671073525593459
    ],
    [
        0.0026380005102995046
    ],
    [
        -0.0034162184489254428
    ],
    [
        -0.0005480315261344504
    ],
    [
        -3.9436868730320624e-05
    ],
    [
        -0.0012294814392373123
    ],
    [
        -0.004487547776226155
    ],
    [
        9.53794675218726e-05
    ],
    [
        0.00013536724776801428
    ],
    [
        0.0005468940756091561
    ],
    [
        -7.721501163883592e-05
    ]
]