[
    [
        0.3977090056716388
    ],
    [
        -1.0425168117449721
    ],
    [
        2.1321455258816524
    ],
    [
        -0.5562859073683377
    ],
    [
        -0.28645745045267046
    ],
    [
        -0.6536173003862676
    ],
    [
        -0.03487615097278644
    ],
    [
        -0.779440845919265
    ],
    [
        -0.3035529429506311
    ],
    [
        0.06640474016006423
    ],
    [
        0.507447742304481
    ],
    [
        -0.062446510533986574
    ],
    [
        0.15785604770370695
    ],
    [
        0.007961423828029036
    ],
    [
        0.5389755940133353
    ],
    [
        -0.022824286141226415
    ],
    [
        -0.2131636030117092
    ],
    [
        -0.28125409320199335
    ],
    [
        0.005305508563970927
    ],
    [
        0.28206064463280817
    ],
    [
        0.19168914736798728
    ],
    [
        0.33593635475254274
    ],
    [
        0.08606372677947649
    ],
    [
        -0.08679767988536626
    ],
    [
        -0.06792587798484173
    ],
    [
        0.04743374701651835
    ],
    [
        0.287574816172011
    ],
    [
        0.28432363742438616
    ],
    [
        0.1927638686330154
    ],
    [
        -0.20101818498234478
    ],
    [
        -0.08665144241955483
    ],
    [
        0.08861460371762732
    ],
    [
        0.04402843777155521
    ],
    [
        0.13059059658929342
    ],
    [
        -0.03991655065040049
    ],
    [
        0.05717137400901109
    ],
    [
        0.005480854745018348
    ],
    [
        -0.17058541032926297
    ],
    [
        0.19964434194747444
    ],
    [
        0.2637358283527039
    ],
    [
        -0.44476513384932415
    ],
    [
        0.42631414802581785
    ],
    [
        -0.10982181312288113
    ],
    [
        0.09011335267883254
    ],
    [
        0.11233405299808852
    ],
    [
        -0.06393588832464947
    ],
    [
        -0.04457771096473334
    ],
    [
        -0.02994037888427978
    ],
    [
        0.0531539436050719
    ],
    [
        -0.0449733083936475
    ],
    [
        0.2796902903606067
    ],
    [
        0.015524376686893682
    ],
    [
        0.02195290857799063
    ],
    [
        0.0162441100421789
    ],
    [
        -0.0474420941240924
    ],
    [
        -0.11078380539223788
    ],
    [
        -0.018310218655851987
    ],
    [
        -0.012985146578415083
    ],
    [
        0.04504233525380012
    ],
    [
        -0.009241659687105377
    ],
    [
        -0.051670545931341856
    ],
    [
        -0.0025602571796104036
    ],
    [
        0.0058609703117330665
    ],
    [
        0.026334546085072564
    ],
    [
        0.028523769576739192
    ],
    [
        -0.0032436486102207546
    ],
    [
        -0.025720302460484026
    ],
    [
        -0.05618042216405298
    ],
    [
        -0.03820503019902269
    ],
    [
        0.0005118955712949215
    ],
    [
        0.002394804987498397
    ],
    [
        -0.013886076068100776
    ],
    [
        0.04341354885987663
    ],
    [
        -0.04103951747679172
    ],
    [
        -0.048434997929073104
    ],
    [
        0.008246896394783558
    ],
    [
        -0.007227843278939632
    ],
    [
        -0.011757120165405357
    ],
    [
        0.027359031152391397
    ],
    [
        -0.0076890722454333125
    ],
    [
        -0.0031294184815645245
    ],
    [
        0.0010111053895605969
    ],
    [
        -0.05072619009950493
    ],
    [
        -0.013359845585594566
    ],
    [
        -0.06711600110151829
    ],
    [
        0.06566182444260268
    ],
    [
        0.07577566438699132
    ],
    [
        -0.0008142376367467029
    ],
    [
        0.002183555601489125
    ],
    [
        -0.0084977873780084
    ],
    [
        -0.025791239907611778
    ],
    [
        -0.0007286701390858435
    ],
    [
        -9.652408566332928e-05
    ],
    [
        0.022998055456567055
    ],
    [
        0.0016100536748097625
    ],
    [
        0.021604003453473217
    ],
    [
        -0.00033337064321961016
    ],
    [
        0.020456073559766804
    ],
    [
        -0.00025970624569446804
    ],
    [
        -0.003790997747190502
    ],
    [
        0.004612204434158906
    ],
    [
        -0.0004361779085229839
    ],
    [
        0.00023676481197509793
    ],
    [
        -0.002112937792784789
    ],
    [
        5.770407531378371e-05
    ],
    [
        -0.0024405395592503485
    ],
    [
        0.0002044798842833693
    ],
    [
        -0.00010332566176553487
    ],
    [
        -0.00027936834866405666
    ],
    [
        0.0007639021819764427
    ],
    [
        1.4651419013917226e-05
    ],
    [
        0.0029116519258357352
    ],
    [
        0.002321051335163571
    ],
    [
        -0.0015442634730552895
    ],
    [
        -7.934299561035729e-05
    ],
    [
        0.00010087975963363927
    ],
    [
        0.0002187604183062415
    ],
    [
        0.001700247253730547
    ],
    [
        0.0015157157880319216
    ],
    [
        -0.0018619351144789787
    ],
    [
        -0.00026809943354210325
    ],
    [
        -0.00037017635704009747
    ],
    [
        0.00028475511106914144
    ],
    [
        -0.0037810876223532386
    ],
    [
        0.0003129247472102236
    ],
    [
        -0.0001817054343695777
    ],
    [
        -6.906663887015881e-05
    ],
    [
        -0.0021911198075208367
    ],
    [
        0.0002522128846557167
    ],
    [
        -0.003932658550931735
    ],
    [
        -0.002308979368438661
    ],
    [
        0.0029072678155769673
    ],
    [
        0.00010258984208121245
    ],
    [
        3.000335176638383e-06
    ],
    [
        0.0001757306668661819
    ],
    [
        -0.0003938077333117559
    ]
]