[
    [
        0.24678356137692506
    ],
    [
        -1.287622893009324
    ],
    [
        2.7608069909872843
    ],
    [
        -0.8356797587322781
    ],
    [
        -0.2476345106253898
    ],
    [
        -0.4969730157262929
    ],
    [
        0.5358956091565088
    ],
    [
        -0.3807406547236764
    ],
    [
        -0.03004737093971619
    ],
    [
        0.23343182908221827
    ],
    [
        -0.24952594745408677
    ],
    [
        0.4140172873098512
    ],
    [
        -0.03944641063521635
    ],
    [
        0.31007864744076946
    ],
    [
        0.06761348080754005
    ],
    [
        -0.06566792563008614
    ],
    [
        0.33169982685184995
    ],
    [
        -0.19758294984718558
    ],
    [
        -0.28855811819610466
    ],
    [
        0.0047867265686329825
    ],
    [
        0.22023535944560302
    ],
    [
        0.14062451895334802
    ],
    [
        -0.12338792105423929
    ],
    [
        -0.2005703347154202
    ],
    [
        0.11177681423937053
    ],
    [
        0.35423368381166565
    ],
    [
        0.17911671018990996
    ],
    [
        0.4393398149916105
    ],
    [
        0.05962817709606125
    ],
    [
        0.25864413928585395
    ],
    [
        0.16099048140955416
    ],
    [
        -0.15288672982279713
    ],
    [
        -0.05236331360753654
    ],
    [
        0.0592795406412172
    ],
    [
        0.15349891246380853
    ],
    [
        0.15804809865484665
    ],
    [
        0.15286724929447146
    ],
    [
        -0.20796506866900225
    ],
    [
        -0.055965268042079325
    ],
    [
        0.07155732291471027
    ],
    [
        0.14544002554480437
    ],
    [
        0.21789215856745925
    ],
    [
        -0.03149616243805176
    ],
    [
        0.0452904685080849
    ],
    [
        -0.19434365418633456
    ],
    [
        -0.24439109660215444
    ],
    [
        0.05929279721516973
    ],
    [
        -0.16735399150517943
    ],
    [
        -0.1981813599713558
    ],
    [
        0.22553366361728572
    ],
    [
        -0.09349148236160493
    ],
    [
        0.11244683753853985
    ],
    [
        0.23484125684320395
    ],
    [
        0.09766191408175053
    ],
    [
        -0.18023436925728623
    ],
    [
        0.20482461931040985
    ],
    [
        -0.03869367751593626
    ],
    [
        0.023407075522916907
    ],
    [
        0.041187734607713494
    ],
    [
        0.07058623499320536
    ],
    [
        -0.04832091292559182
    ],
    [
        -0.06192822162363624
    ],
    [
        -0.004171494416963893
    ],
    [
        0.000663089621610549
    ],
    [
        0.07376845910358056
    ],
    [
        -0.011969444321739886
    ],
    [
        -0.033276406700162936
    ],
    [
        0.004175174242706316
    ],
    [
        -0.015201175331978645
    ],
    [
        0.037956061839658765
    ],
    [
        -0.025619901404752815
    ],
    [
        0.014804622987575717
    ],
    [
        0.022897281686336216
    ],
    [
        -0.032459939324880185
    ],
    [
        0.0198718412835725
    ],
    [
        -0.1469142813862587
    ],
    [
        -0.021442617749538272
    ],
    [
        0.006659537853048437
    ],
    [
        0.09347766694395179
    ],
    [
        0.0006150596692873381
    ],
    [
        -0.04509621138509276
    ],
    [
        0.0028531487805862343
    ],
    [
        0.00732050312601589
    ],
    [
        0.03696610469969004
    ],
    [
        0.015959228484168888
    ],
    [
        0.006795666994669105
    ],
    [
        0.01589281555012276
    ],
    [
        -0.0007995047979137516
    ],
    [
        -0.03769249867327777
    ],
    [
        -0.02536117907863726
    ],
    [
        -0.02853029180945623
    ],
    [
        0.0028211868574777354
    ],
    [
        -0.003985675283503635
    ],
    [
        -0.0059921433693649
    ],
    [
        0.01892476996415044
    ],
    [
        -0.026301355314208387
    ],
    [
        -0.024106854735077076
    ],
    [
        -0.00034283129759418734
    ],
    [
        0.0017276171649193523
    ],
    [
        -0.00603987240908136
    ],
    [
        -0.0010178986510268788
    ],
    [
        0.00343151534842816
    ],
    [
        -0.0009772643380991227
    ],
    [
        0.0030993654826487545
    ],
    [
        -0.030697066794105603
    ],
    [
        -0.0030872925156055124
    ],
    [
        -0.03673356195498214
    ],
    [
        0.007897578713982618
    ],
    [
        0.025688617099497855
    ],
    [
        -0.0005341421065523635
    ],
    [
        0.006478006570623548
    ],
    [
        -0.007723721646047814
    ],
    [
        -0.03850721576026157
    ],
    [
        0.0015036733975035668
    ],
    [
        0.007221660685114958
    ],
    [
        0.005224385256552602
    ],
    [
        0.006897001244000581
    ],
    [
        -0.001624879812212494
    ],
    [
        -0.013767586677979693
    ],
    [
        -0.0007899427428777081
    ],
    [
        0.0005465042330526931
    ],
    [
        0.011549131739266427
    ],
    [
        9.801323295858665e-05
    ],
    [
        0.008101919518301089
    ],
    [
        0.00013987606259526164
    ],
    [
        0.0053509607537141025
    ],
    [
        -2.6920313607786803e-05
    ],
    [
        -0.005086853958024545
    ],
    [
        -0.000978271334839038
    ],
    [
        -0.001378660543758168
    ],
    [
        -0.00029480151985108235
    ],
    [
        0.0009797789987537296
    ],
    [
        0.001492459684331553
    ],
    [
        0.0017492036550275593
    ],
    [
        0.0066914445537071664
    ],
    [
        -0.00027835051094489
    ],
    [
        -6.739553791157439e-05
    ],
    [
        -0.011998738328691146
    ],
    [
        9.62350031292102e-06
    ],
    [
        -0.0031341367575588204
    ],
    [
        -9.929694435289106e-06
    ],
    [
        0.005735122773450116
    ],
    [
        1.204423504167032e-05
    ],
    [
        0.00030680799178536887
    ],
    [
        -0.000469500703302737
    ],
    [
        0.0002694376073291404
    ],
    [
        4.733958642478932e-06
    ],
    [
        0.0011122218763612297
    ],
    [
        0.0009578442821384639
    ],
    [
        -0.0010582719725609228
    ],
    [
        -0.00010414082996248264
    ],
    [
        -0.00017306537123728302
    ],
    [
        8.506309066855034e-05
    ],
    [
        0.003108011263491413
    ],
    [
        0.0009068082242423073
    ],
    [
        -0.0008413589279071519
    ],
    [
        5.94059936281674e-05
    ],
    [
        4.359388382638385e-05
    ],
    [
        0.00010488052444653415
    ],
    [
        -0.00341502489552517
    ],
    [
        -0.00010415349987274475
    ],
    [
        -7.504072862561305e-05
    ],
    [
        -3.389801901161144e-05
    ],
    [
        -0.0010963717642533816
    ],
    [
        5.7951397510754776e-05
    ],
    [
        -0.0006746067090894384
    ],
    [
        -4.266422930686194e-05
    ],
    [
        0.0009547653863211243
    ],
    [
        0.00010266384537542924
    ],
    [
        0.00018811008579989143
    ],
    [
        0.00010563725876170573
    ],
    [
        -0.002518701829442444
    ],
    [
        0.0002548912332743035
    ],
    [
        3.2447109733193895e-05
    ],
    [
        -0.00021226700249121273
    ],
    [
        0.0002844036586802138
    ],
    [
        2.109117838684708e-05
    ],
    [
        3.824394232567468e-06
    ]
]