[
    [
        -0.026360687141825538
    ],
    [
        -0.7458543661759939
    ],
    [
        2.2840507727767836
    ],
    [
        -0.6703817400438684
    ],
    [
        -0.2838080975954662
    ],
    [
        -0.49984798052071217
    ],
    [
        0.8504718592913845
    ],
    [
        -0.3149572298543809
    ],
    [
        0.158153005228303
    ],
    [
        0.4046695532732987
    ],
    [
        -0.3106647205904117
    ],
    [
        0.2915848773549602
    ],
    [
        -0.11359427521368694
    ],
    [
        0.16351454198685525
    ],
    [
        -0.18136610859845823
    ],
    [
        0.16965693440173774
    ],
    [
        0.2789500958705805
    ],
    [
        -0.17033381614605422
    ],
    [
        0.02237775546630626
    ],
    [
        -0.06861533643111627
    ],
    [
        -0.044219124827049025
    ],
    [
        -0.025382227902089147
    ],
    [
        -0.11064820851415183
    ],
    [
        -0.19160383753035118
    ],
    [
        0.18593893118889224
    ],
    [
        0.3657051977006996
    ],
    [
        0.13274749852042644
    ],
    [
        0.3600274554140721
    ],
    [
        0.2176229694360273
    ],
    [
        0.13429430564813918
    ],
    [
        0.1811013447551451
    ],
    [
        -0.23868034052736142
    ],
    [
        -0.0008678322362767533
    ],
    [
        0.00684353324015198
    ],
    [
        0.05093134310545166
    ],
    [
        0.10288319288766853
    ],
    [
        0.18973851254461943
    ],
    [
        -0.19451757725849628
    ],
    [
        -0.010478532711397972
    ],
    [
        0.008322784760347424
    ],
    [
        0.12846843682126424
    ],
    [
        0.1543590142690568
    ],
    [
        0.043062425091141346
    ],
    [
        -0.0017313684964946458
    ],
    [
        -0.10671567943727171
    ],
    [
        -0.09760847869938012
    ],
    [
        -0.01095361179342685
    ],
    [
        -0.06881748507605923
    ],
    [
        -0.09340225262603248
    ],
    [
        0.09047599252894659
    ],
    [
        -0.017117943012857795
    ],
    [
        -0.006216632457348966
    ],
    [
        0.00795646722833918
    ],
    [
        0.045104014082909205
    ],
    [
        -0.053633076412650534
    ],
    [
        0.08996682284561341
    ],
    [
        0.021405239768980046
    ],
    [
        -0.005129561360511993
    ],
    [
        -0.05381898221077553
    ],
    [
        -0.12387191759595705
    ],
    [
        -0.022148481441077793
    ],
    [
        -0.04396967046453763
    ],
    [
        -0.03395719678132197
    ],
    [
        0.00625019950696625
    ],
    [
        0.013446227771203613
    ],
    [
        -0.021472961268087672
    ],
    [
        -0.04248010341638513
    ],
    [
        0.0004930784952140583
    ],
    [
        -0.024513528866448323
    ],
    [
        0.01747103804588273
    ],
    [
        0.0030383419732806145
    ],
    [
        0.006132913659773659
    ],
    [
        0.00050589455506556
    ],
    [
        0.004040811574437311
    ],
    [
        0.021255807943421395
    ],
    [
        -0.08246204377192941
    ],
    [
        -0.012103216079315141
    ],
    [
        -0.0011197194041869273
    ],
    [
        0.04060202092793855
    ],
    [
        -0.0030459150283933334
    ],
    [
        -0.0040368327428649915
    ],
    [
        0.004927170003413722
    ],
    [
        0.007986146564592716
    ],
    [
        0.002676285154078741
    ],
    [
        0.011793349255105723
    ],
    [
        -0.0021587924054152596
    ],
    [
        0.0050506881671521404
    ],
    [
        -0.00478720582030411
    ],
    [
        -0.04012658839097657
    ],
    [
        -0.010583759592267601
    ],
    [
        -0.013992583404467405
    ],
    [
        0.0009115283780065644
    ],
    [
        0.001759113396382932
    ],
    [
        0.00016498322619578438
    ],
    [
        0.004082603464171603
    ],
    [
        -0.010113385860957409
    ],
    [
        -0.017132145114036983
    ],
    [
        0.0004582074361321442
    ],
    [
        -0.0005297655306581675
    ],
    [
        -0.0021358339418045156
    ],
    [
        -0.02068254479390959
    ],
    [
        -7.220354031341559e-05
    ],
    [
        -0.003338151272319648
    ],
    [
        -0.004454674750118823
    ],
    [
        -0.0056382856811757935
    ],
    [
        0.0002801412954458994
    ],
    [
        -0.013305846589948113
    ],
    [
        0.0026787293096209364
    ],
    [
        0.006975600763648303
    ],
    [
        -0.0018665396068250199
    ],
    [
        -0.002089663149135869
    ],
    [
        0.0002739136302141564
    ],
    [
        -0.004836100364603332
    ],
    [
        0.002834159838309575
    ],
    [
        0.0022100070579454023
    ],
    [
        -0.0019637461260083714
    ],
    [
        -0.0010318336230169783
    ],
    [
        -0.002782637686579685
    ],
    [
        0.01221471372549572
    ],
    [
        -0.0003463349151819067
    ],
    [
        0.0004652277153212864
    ],
    [
        0.0032310308654168556
    ],
    [
        -7.692863640194437e-05
    ],
    [
        0.0034117413625879243
    ],
    [
        0.0003202335559432043
    ],
    [
        -0.00012213456291754396
    ],
    [
        1.982521330064382e-05
    ],
    [
        -0.005218274745298405
    ],
    [
        -0.0003931587163833073
    ],
    [
        1.177667079926082e-05
    ],
    [
        -0.00010191471217698618
    ],
    [
        -0.0006540793211280663
    ],
    [
        -3.9222131712251374e-05
    ],
    [
        0.0009999109139001568
    ],
    [
        0.003969558686659079
    ],
    [
        -8.557762628646602e-05
    ],
    [
        -6.636322090779416e-05
    ],
    [
        0.005518971768811192
    ],
    [
        -8.717148448223788e-05
    ],
    [
        0.0003054167071532782
    ],
    [
        -0.00010800785731991945
    ],
    [
        0.0029086477719090444
    ],
    [
        4.6183109711770886e-05
    ],
    [
        0.00019961236676417282
    ],
    [
        -2.8399370969872578e-05
    ],
    [
        0.00014034296822803806
    ],
    [
        5.774553738561522e-05
    ],
    [
        -0.0027332935450387038
    ],
    [
        0.0002988529661332941
    ],
    [
        -0.00036220524677583934
    ],
    [
        -2.570073614942298e-05
    ],
    [
        5.321635092515562e-05
    ],
    [
        -8.600906111787093e-06
    ],
    [
        0.00025171640577176604
    ],
    [
        0.0002728773445517798
    ],
    [
        -0.0005297288906572128
    ],
    [
        -1.54109615818139e-05
    ],
    [
        -1.885147996234036e-05
    ],
    [
        2.3080282683155996e-05
    ],
    [
        -0.004240891067689982
    ],
    [
        -3.324226270791922e-05
    ],
    [
        -0.0001304314490341455
    ],
    [
        -0.00010327343692185532
    ],
    [
        -5.5091708390569875e-05
    ],
    [
        -3.865806409031805e-06
    ],
    [
        -0.00046611392471792364
    ],
    [
        -3.0309439308387042e-05
    ],
    [
        0.00015244395265292794
    ],
    [
        0.00010065781598874089
    ],
    [
        -7.387778716446456e-05
    ],
    [
        -6.419226431439671e-06
    ],
    [
        -0.0005104719484751645
    ],
    [
        -5.0743859308348624e-05
    ],
    [
        -2.634628394636717e-05
    ],
    [
        7.814524478568924e-05
    ],
    [
        -2.9158612138426036e-05
    ],
    [
        -4.928962136219707e-05
    ],
    [
        0.0023641177232640955
    ]
]